id,count,mean,std,min,25%,50%,75%,max
0,41.0,13.24390243902439,23.117937286666468,0.0,0.0,7.0,21.0,137.0
1,49.0,10.36734693877551,18.832257208434307,0.0,0.0,7.0,14.0,130.0
2,50.0,10.86,24.816066224467225,0.0,0.0,7.0,7.0,144.0
3,50.0,10.44,20.12021016646837,0.0,0.0,7.0,14.0,137.0
4,46.0,10.73913043478261,22.54815566008665,0.0,0.0,7.0,12.25,144.0
5,50.0,10.58,21.566309704854795,0.0,0.0,7.0,14.0,151.0
6,34.0,12.058823529411764,25.326882563634967,0.0,0.0,0.0,12.25,130.0
7,47.0,17.51063829787234,33.426670125375566,0.0,0.0,7.0,17.5,175.0
8,54.0,12.0,21.809639551319744,0.0,0.0,7.0,14.0,144.0
9,58.0,7.672413793103448,20.64179708876728,0.0,0.0,0.0,7.0,151.0
10,24.0,6.875,26.464598995639438,0.0,0.0,0.0,0.0,130.0
11,37.0,7.675675675675675,23.494744157002494,0.0,0.0,0.0,7.0,137.0
12,37.0,12.216216216216216,26.726116165378112,0.0,0.0,7.0,14.0,158.0
13,58.0,8.39655172413793,20.201562954274685,0.0,0.0,0.0,7.0,144.0
14,44.0,13.613636363636363,25.32690077266491,0.0,0.0,7.0,21.0,151.0
15,35.0,13.714285714285714,35.82520590521791,0.0,0.0,7.0,7.0,175.0
16,48.0,11.604166666666666,21.151670708453864,0.0,0.0,7.0,14.0,137.0
17,45.0,12.688888888888888,26.367871481495172,0.0,0.0,7.0,7.0,144.0
18,50.0,13.52,29.048334105172266,0.0,0.0,7.0,14.0,151.0
19,51.0,13.803921568627452,26.261012629251855,0.0,0.0,7.0,14.0,137.0
20,46.0,15.0,23.696225672269225,0.0,0.0,7.0,14.0,130.0
21,46.0,17.58695652173913,49.97402707049445,0.0,0.0,7.0,14.0,322.0
22,37.0,8.243243243243244,23.90188905296609,0.0,0.0,0.0,7.0,137.0
23,45.0,10.977777777777778,23.936933130139447,0.0,0.0,7.0,7.0,144.0
24,48.0,12.916666666666666,24.759982584578943,0.0,0.0,7.0,14.0,158.0
25,36.0,10.416666666666666,24.7759964481754,0.0,0.0,3.5,8.75,144.0
26,47.0,12.446808510638299,23.141162751815493,0.0,0.0,7.0,14.0,151.0
27,48.0,14.958333333333334,23.983113148881586,0.0,0.0,7.0,14.0,130.0
28,53.0,12.622641509433961,20.880821542095973,0.0,0.0,7.0,14.0,137.0
29,54.0,11.61111111111111,26.360645815281956,0.0,0.0,0.0,7.0,144.0
30,41.0,12.390243902439025,24.06436997801988,0.0,0.0,7.0,14.0,144.0
31,24.0,8.916666666666666,27.8129101500453,0.0,0.0,0.0,7.0,137.0
32,53.0,8.528301886792454,23.577697882651165,0.0,0.0,0.0,7.0,165.0
33,24.0,6.583333333333333,26.50170899602788,0.0,0.0,0.0,0.0,130.0
34,52.0,10.98076923076923,21.46085390605588,0.0,0.0,7.0,14.0,151.0
35,21.0,12.19047619047619,28.226971228984254,0.0,0.0,7.0,7.0,130.0
36,40.0,10.95,25.82281837286451,0.0,0.0,7.0,14.0,165.0
37,49.0,10.938775510204081,22.151380847915274,0.0,0.0,7.0,14.0,151.0
38,49.0,13.795918367346939,26.54554230612987,0.0,0.0,7.0,14.0,165.0
39,50.0,11.7,25.08129638937008,0.0,0.0,7.0,14.0,172.0
40,45.0,11.28888888888889,26.41850438116007,0.0,0.0,7.0,14.0,172.0
41,49.0,12.36734693877551,23.315493666185994,0.0,0.0,7.0,14.0,158.0
42,34.0,15.147058823529411,34.7319888819141,0.0,0.0,0.0,7.0,165.0
43,47.0,17.51063829787234,34.04017596926463,0.0,0.0,7.0,17.5,179.0
44,53.0,11.433962264150944,25.820020134922036,0.0,0.0,7.0,14.0,179.0
45,56.0,9.446428571428571,27.064851169573593,0.0,0.0,0.0,7.0,193.0
46,24.0,9.208333333333334,31.876090490013606,0.0,0.0,0.0,7.0,158.0
47,36.0,10.027777777777779,28.927975694434238,0.0,0.0,0.0,7.0,165.0
48,36.0,22.47222222222222,37.52369621689443,0.0,0.0,7.0,28.0,172.0
49,58.0,10.327586206896552,23.391697380739327,0.0,0.0,7.0,7.0,172.0
50,44.0,18.545454545454547,31.26440471389412,0.0,0.0,7.0,21.0,165.0
51,33.0,12.0,28.980596957274706,0.0,0.0,0.0,14.0,158.0
52,47.0,17.06382978723404,32.02404277177787,0.0,0.0,7.0,14.0,186.0
53,45.0,17.977777777777778,36.5901681335356,0.0,0.0,7.0,21.0,186.0
54,49.0,13.653061224489797,30.61831629134768,0.0,0.0,7.0,14.0,172.0
55,48.0,16.125,25.64373342221813,0.0,5.25,7.0,21.0,158.0
56,45.0,15.955555555555556,27.896688916881384,0.0,0.0,7.0,14.0,165.0
57,46.0,12.565217391304348,25.973193166898522,0.0,0.0,7.0,14.0,172.0
58,36.0,9.833333333333334,27.280029325497434,0.0,0.0,3.5,14.0,165.0
59,45.0,17.355555555555554,52.40279119715404,0.0,0.0,7.0,14.0,294.0
60,48.0,16.854166666666668,32.05579549508474,0.0,0.0,7.0,15.75,179.0
61,36.0,11.194444444444445,24.967200706348944,0.0,0.0,7.0,14.0,151.0
62,47.0,11.106382978723405,23.425398741493492,0.0,0.0,7.0,14.0,158.0
63,47.0,15.425531914893616,28.95029074033707,0.0,0.0,7.0,14.0,186.0
64,51.0,13.529411764705882,25.838229769995056,0.0,3.5,7.0,14.0,172.0
65,53.0,11.962264150943396,25.310352293806083,0.0,0.0,7.0,14.0,165.0
66,41.0,13.24390243902439,28.433941414975237,0.0,0.0,7.0,14.0,172.0
67,24.0,9.208333333333334,30.47019807967275,0.0,0.0,0.0,7.0,151.0
68,50.0,12.68,28.62027253539001,0.0,0.0,7.0,14.0,193.0
69,22.0,12.590909090909092,34.13231828509677,0.0,0.0,0.0,7.0,158.0
70,51.0,12.294117647058824,26.631781102770468,0.0,0.0,7.0,14.0,186.0
71,21.0,15.523809523809524,33.94056429645661,0.0,0.0,7.0,14.0,158.0
72,39.0,12.307692307692308,28.91380461243369,0.0,0.0,7.0,10.5,179.0
73,49.0,12.795918367346939,29.380392832520076,0.0,0.0,7.0,14.0,200.0
74,49.0,16.79591836734694,29.591651125385532,0.0,0.0,7.0,21.0,179.0
75,49.0,12.795918367346939,28.656717938263576,0.0,0.0,7.0,14.0,193.0
76,42.0,24.261904761904763,76.64936304249356,0.0,0.0,7.0,26.25,501.0
77,49.0,11.653061224489797,28.461634279330134,0.0,0.0,7.0,14.0,200.0
78,34.0,15.764705882352942,36.91190070352972,0.0,0.0,0.0,7.0,186.0
79,45.0,15.022222222222222,31.97263665932941,0.0,0.0,7.0,14.0,193.0
80,52.0,13.807692307692308,33.53607274208315,0.0,0.0,7.0,14.0,228.0
81,56.0,12.071428571428571,29.501837935261623,0.0,0.0,7.0,14.0,207.0
82,23.0,10.217391304347826,35.68543950808755,0.0,0.0,0.0,7.0,172.0
83,35.0,10.914285714285715,34.234804640007745,0.0,0.0,0.0,7.0,200.0
84,35.0,20.114285714285714,36.07571403114764,0.0,0.0,7.0,21.0,186.0
85,56.0,12.696428571428571,33.74229589799029,0.0,0.0,3.5,14.0,242.0
86,41.0,21.609756097560975,39.78559918411465,0.0,7.0,7.0,14.0,179.0
87,32.0,20.90625,72.33406344089185,0.0,0.0,3.5,14.0,410.0
88,46.0,15.91304347826087,38.58775055316937,0.0,0.0,7.0,14.0,193.0
89,45.0,18.288888888888888,47.93822835038585,0.0,0.0,7.0,14.0,319.0
90,48.0,13.791666666666666,30.946046620181384,0.0,0.0,7.0,8.75,179.0
91,47.0,12.893617021276595,29.077283859273162,0.0,0.0,7.0,14.0,193.0
92,43.0,18.651162790697676,48.941113168169096,0.0,0.0,7.0,14.0,298.0
93,45.0,20.31111111111111,61.93318328585405,0.0,0.0,7.0,14.0,378.0
94,33.0,15.606060606060606,38.80877751387194,0.0,0.0,7.0,7.0,214.0
95,43.0,13.116279069767442,32.96838984060596,0.0,0.0,7.0,14.0,214.0
96,47.0,17.659574468085108,30.70708500297942,0.0,0.0,7.0,21.0,200.0
97,36.0,13.333333333333334,32.17452408350432,0.0,0.0,0.0,15.75,186.0
98,45.0,20.466666666666665,63.60874725438891,0.0,0.0,7.0,14.0,399.0
99,46.0,18.195652173913043,33.69247826722516,0.0,1.75,7.0,21.0,200.0
100,51.0,13.941176470588236,31.48168468472161,0.0,0.0,7.0,14.0,214.0
101,49.0,18.79591836734694,40.306626622180424,0.0,0.0,7.0,14.0,221.0
102,40.0,11.825,31.806214116273825,0.0,0.0,7.0,14.0,200.0
103,24.0,13.583333333333334,38.68705734217971,0.0,0.0,0.0,7.0,179.0
104,50.0,11.14,29.89710927258926,0.0,0.0,7.0,14.0,207.0
105,22.0,14.818181818181818,39.46383077444383,0.0,0.0,0.0,14.0,186.0
106,48.0,16.416666666666668,33.595740189274714,0.0,0.0,7.0,15.75,214.0
107,21.0,19.523809523809526,52.51915750240006,0.0,0.0,0.0,14.0,242.0
108,39.0,19.846153846153847,40.508308739357126,0.0,0.0,7.0,21.0,235.0
109,49.0,14.510204081632653,45.59199603045272,0.0,0.0,7.0,14.0,319.0
110,48.0,20.0625,67.34680211650104,0.0,0.0,7.0,14.0,466.0
111,49.0,10.653061224489797,28.94718683828085,0.0,0.0,7.0,7.0,200.0
112,40.0,24.425,84.48604421244177,0.0,0.0,7.0,15.75,536.0
113,48.0,11.604166666666666,36.87918145543221,0.0,0.0,7.0,14.0,256.0
114,34.0,14.323529411764707,39.131263629307725,0.0,0.0,3.5,7.0,214.0
115,43.0,20.11627906976744,39.32236083980086,0.0,0.0,7.0,21.0,207.0
116,51.0,18.607843137254903,40.773068774068285,0.0,0.0,7.0,17.5,270.0
117,54.0,14.203703703703704,34.70434676142122,0.0,0.0,7.0,14.0,235.0
118,23.0,14.478260869565217,41.697906602367496,0.0,0.0,0.0,7.0,186.0
119,35.0,12.314285714285715,36.160403619373035,0.0,0.0,0.0,14.0,214.0
120,33.0,26.0,49.558046773455466,0.0,7.0,7.0,21.0,193.0
121,54.0,13.944444444444445,36.83180366213809,0.0,0.0,7.0,14.0,263.0
122,41.0,26.048780487804876,57.507804348415256,0.0,0.0,7.0,14.0,308.0
123,32.0,23.96875,94.00737252316797,0.0,0.0,7.0,8.75,536.0
124,46.0,11.347826086956522,29.943812116328324,0.0,0.0,7.0,12.25,200.0
125,45.0,23.11111111111111,62.45551952543442,0.0,0.0,7.0,14.0,340.0
126,48.0,19.479166666666668,42.611550518476236,0.0,0.0,7.0,14.0,203.0
127,47.0,13.787234042553191,33.579843960984,0.0,0.0,7.0,14.0,228.0
128,42.0,23.595238095238095,63.35923884882854,0.0,0.0,7.0,21.0,389.0
129,44.0,15.363636363636363,40.730019161399234,0.0,0.0,7.0,14.0,221.0
