id,count,mean,std,min,25%,50%,75%,max
0,29.0,22.103448275862068,24.63352075582348,7.0,7.0,14.0,28.0,130.0
1,40.0,29.675,32.62246158707218,7.0,7.0,17.5,29.75,130.0
2,37.0,26.216216216216218,24.96568215141107,7.0,7.0,21.0,28.0,130.0
3,39.0,26.666666666666668,25.717425316549104,7.0,7.0,14.0,38.5,130.0
4,27.0,27.62962962962963,26.128599344467425,7.0,10.5,14.0,35.0,130.0
5,40.0,26.7,27.47791654103159,7.0,7.0,17.5,28.0,130.0
6,23.0,26.956521739130434,31.862600277483438,7.0,7.0,14.0,31.5,130.0
7,41.0,25.024390243902438,33.36801447859765,7.0,7.0,7.0,21.0,147.0
8,35.0,23.714285714285715,26.768694873117813,7.0,7.0,14.0,28.0,130.0
9,39.0,17.871794871794872,24.08010697560987,7.0,7.0,7.0,14.0,130.0
10,11.0,20.09090909090909,36.99311975342049,7.0,7.0,7.0,7.0,130.0
11,14.0,16.285714285714285,32.782332416735066,7.0,7.0,7.0,7.0,130.0
12,24.0,36.625,37.4093832683959,7.0,7.0,21.0,56.0,130.0
13,36.0,15.472222222222221,21.624702952359318,7.0,7.0,7.0,15.75,130.0
14,31.0,34.45161290322581,40.13048609197868,7.0,7.0,14.0,38.5,140.0
15,14.0,44.785714285714285,46.70888331163335,7.0,8.75,28.0,66.5,140.0
16,35.0,29.314285714285713,36.94492835413864,7.0,7.0,14.0,28.0,168.0
17,33.0,49.121212121212125,64.09502592623588,7.0,7.0,35.0,63.0,350.0
18,33.0,24.303030303030305,25.02933884524925,7.0,7.0,14.0,35.0,130.0
19,47.0,19.893617021276597,22.61899359864086,7.0,7.0,14.0,21.0,130.0
20,35.0,28.114285714285714,41.79907923878329,7.0,7.0,7.0,28.0,196.0
21,33.0,49.121212121212125,93.74258556539203,7.0,7.0,14.0,49.0,525.0
22,25.0,13.04,24.50591765268136,7.0,7.0,7.0,7.0,130.0
23,35.0,53.31428571428572,104.83930881243404,7.0,7.0,14.0,52.5,455.0
24,38.0,31.605263157894736,29.815232342858003,7.0,7.0,21.0,42.0,130.0
25,19.0,17.894736842105264,29.914498039954747,7.0,7.0,7.0,7.0,130.0
26,33.0,49.96969696969697,77.06226575328748,7.0,7.0,21.0,42.0,350.0
27,35.0,30.314285714285713,29.295423682539493,7.0,7.0,21.0,52.5,130.0
28,41.0,24.853658536585368,23.401453988598394,7.0,7.0,14.0,35.0,130.0
29,38.0,22.394736842105264,25.342560584043262,7.0,7.0,14.0,28.0,130.0
30,33.0,21.757575757575758,24.813089165587463,7.0,7.0,14.0,21.0,130.0
31,8.0,29.375,43.23337830889462,7.0,7.0,7.0,28.0,130.0
32,37.0,25.45945945945946,27.097144780497732,7.0,7.0,14.0,28.0,130.0
33,9.0,22.22222222222222,40.68100840004392,7.0,7.0,7.0,7.0,130.0
34,38.0,22.57894736842105,30.9974990961105,7.0,7.0,7.0,21.0,133.0
35,10.0,31.2,37.64099420106281,7.0,8.75,17.5,36.75,130.0
36,31.0,25.193548387096776,29.613532216245005,7.0,7.0,14.0,31.5,158.0
37,37.0,30.18918918918919,33.127563077223705,7.0,7.0,14.0,42.0,158.0
38,36.0,25.194444444444443,26.430306678340134,7.0,7.0,21.0,29.75,151.0
39,38.0,26.263157894736842,30.66971762092648,7.0,7.0,17.5,33.25,144.0
40,30.0,31.633333333333333,35.40356823369872,7.0,7.0,14.0,40.25,158.0
41,37.0,27.16216216216216,28.53507930163767,7.0,7.0,14.0,35.0,151.0
42,17.0,35.23529411764706,33.94762401804562,7.0,14.0,28.0,49.0,137.0
43,25.0,38.8,55.06435628728745,7.0,7.0,7.0,35.0,189.0
44,39.0,25.05128205128205,36.7079144756985,7.0,7.0,14.0,24.5,168.0
45,45.0,17.666666666666668,28.37492490979252,7.0,7.0,7.0,14.0,165.0
46,7.0,27.571428571428573,48.53472002205275,7.0,7.0,7.0,14.0,137.0
47,16.0,19.0625,35.487967444379414,7.0,7.0,7.0,7.0,144.0
48,27.0,39.81481481481482,49.67899806762259,7.0,7.0,21.0,45.5,210.0
49,35.0,15.114285714285714,22.196676259629275,7.0,7.0,7.0,14.0,137.0
50,33.0,36.60606060606061,51.77652665176772,7.0,7.0,14.0,42.0,210.0
51,21.0,33.857142857142854,41.23625312062884,7.0,7.0,14.0,35.0,151.0
52,33.0,30.666666666666668,38.609962013276665,7.0,7.0,21.0,28.0,179.0
53,30.0,47.96666666666667,62.7229723814793,7.0,8.75,28.0,49.0,308.0
54,41.0,23.829268292682926,30.778972074311053,7.0,7.0,14.0,28.0,158.0
55,38.0,20.55263157894737,26.71440280470347,7.0,7.0,14.0,19.25,158.0
56,40.0,31.775,44.91957913586891,7.0,7.0,14.0,28.0,182.0
57,32.0,47.8125,70.66433032757871,7.0,7.0,21.0,56.0,357.0
58,23.0,14.478260869565217,29.882907192783133,7.0,7.0,7.0,7.0,151.0
59,32.0,58.75,101.83699815660508,7.0,7.0,28.0,49.0,441.0
60,41.0,28.609756097560975,35.12753766547016,7.0,7.0,14.0,35.0,168.0
61,18.0,20.833333333333332,36.532419124098844,7.0,7.0,7.0,12.25,158.0
62,36.0,48.52777777777778,81.1765223311382,7.0,7.0,21.0,36.75,392.0
63,37.0,31.135135135135137,39.27832464332951,7.0,7.0,14.0,35.0,182.0
64,43.0,24.186046511627907,26.39106614165148,7.0,7.0,14.0,35.0,151.0
65,42.0,22.595238095238095,27.151840007549886,7.0,7.0,14.0,28.0,158.0
66,31.0,20.451612903225808,27.579991188876306,7.0,7.0,14.0,21.0,151.0
67,14.0,21.285714285714285,34.54412690019396,7.0,7.0,7.0,19.25,137.0
68,49.0,20.93877551020408,28.565282076955835,7.0,7.0,7.0,21.0,172.0
69,6.0,31.0,55.429234163931945,7.0,7.0,7.0,12.25,144.0
70,33.0,25.363636363636363,35.461086226505195,7.0,7.0,7.0,21.0,158.0
71,14.0,31.285714285714285,42.8672881764685,7.0,7.0,14.0,31.5,144.0
72,29.0,27.413793103448278,31.772087077203146,7.0,7.0,14.0,35.0,165.0
73,40.0,26.7,30.072732346250664,7.0,7.0,17.5,35.0,172.0
74,33.0,33.21212121212121,37.01752758471112,7.0,7.0,14.0,49.0,172.0
75,43.0,23.046511627906977,33.77019923822108,7.0,7.0,7.0,21.0,165.0
76,34.0,33.470588235294116,36.90547737463309,7.0,7.0,21.0,35.0,165.0
77,38.0,29.57894736842105,41.29304082389237,7.0,7.0,17.5,35.0,235.0
78,16.0,40.9375,43.05727774333471,7.0,7.0,31.5,50.75,172.0
79,36.0,34.138888888888886,54.03974874520092,7.0,7.0,14.0,28.0,217.0
80,32.0,32.28125,45.29418845795249,7.0,7.0,14.0,31.5,207.0
81,35.0,20.514285714285716,34.38311096058254,7.0,7.0,7.0,14.0,179.0
82,10.0,23.5,45.04133903673627,7.0,7.0,7.0,12.25,151.0
83,15.0,20.8,42.30366414390129,7.0,7.0,7.0,10.5,172.0
84,28.0,30.642857142857142,41.703729547860085,7.0,7.0,10.5,35.0,179.0
85,33.0,21.12121212121212,31.088339429516793,7.0,7.0,14.0,14.0,165.0
86,35.0,31.914285714285715,49.677413158811525,7.0,7.0,7.0,21.0,182.0
87,18.0,33.666666666666664,48.11261299713169,7.0,7.0,10.5,35.0,161.0
88,36.0,29.86111111111111,38.95503105433808,7.0,7.0,14.0,29.75,186.0
89,28.0,61.142857142857146,80.17282918596885,7.0,14.0,28.0,61.25,336.0
90,33.0,27.272727272727273,33.79096840066211,7.0,7.0,14.0,28.0,165.0
91,40.0,25.825,34.35626878938115,7.0,7.0,14.0,28.0,179.0
92,35.0,34.114285714285714,40.1129078745391,7.0,7.0,21.0,42.0,172.0
93,36.0,45.02777777777778,62.45660715871282,7.0,7.0,21.0,43.75,273.0
94,24.0,17.083333333333332,31.967261332517197,7.0,7.0,7.0,14.0,165.0
95,32.0,50.21875,70.22624009860628,7.0,12.25,28.0,63.0,343.0
96,35.0,36.31428571428572,47.47988517044159,7.0,7.0,14.0,35.0,193.0
97,15.0,25.0,44.844174649557324,7.0,7.0,7.0,17.5,179.0
98,34.0,41.911764705882355,58.41251819293471,7.0,7.0,21.0,49.0,252.0
99,38.0,30.86842105263158,38.87135473663307,7.0,7.0,14.0,35.0,179.0
100,46.0,22.91304347826087,28.419731867494633,7.0,7.0,14.0,26.25,165.0
101,34.0,27.705882352941178,36.18264225720688,7.0,7.0,17.5,33.25,200.0
102,34.0,23.58823529411765,33.680421115069414,7.0,7.0,14.0,21.0,186.0
103,13.0,22.923076923076923,41.41549939024748,7.0,7.0,7.0,14.0,158.0
104,41.0,25.195121951219512,34.00898374855908,7.0,7.0,14.0,28.0,200.0
105,10.0,26.3,49.522273327822454,7.0,7.0,7.0,12.25,165.0
106,34.0,25.235294117647058,38.30504264891394,7.0,7.0,14.0,21.0,186.0
107,11.0,45.54545454545455,57.306829673894256,7.0,7.0,14.0,66.5,179.0
108,27.0,27.37037037037037,40.157524582907,7.0,7.0,14.0,28.0,207.0
109,39.0,28.82051282051282,33.097043750057985,7.0,14.0,28.0,28.0,214.0
110,33.0,32.15151515151515,43.2775354630734,7.0,14.0,21.0,35.0,249.0
111,39.0,27.205128205128204,38.4599446363421,7.0,7.0,14.0,28.0,193.0
112,20.0,42.55,56.84371464583258,7.0,12.25,21.0,42.0,189.0
113,40.0,30.375,41.985154580258545,7.0,7.0,14.0,35.0,242.0
114,16.0,46.625,47.68909728648677,7.0,7.0,35.0,57.75,186.0
115,29.0,32.724137931034484,52.694467418807115,7.0,7.0,7.0,28.0,207.0
116,42.0,27.095238095238095,42.177215860542596,7.0,7.0,7.0,21.0,221.0
117,39.0,19.487179487179485,31.91260417128712,7.0,7.0,7.0,21.0,186.0
118,11.0,41.09090909090909,72.48096928912382,7.0,7.0,7.0,14.0,193.0
119,16.0,25.1875,51.51727056693383,7.0,7.0,7.0,15.75,214.0
120,23.0,43.69565217391305,51.78402244164848,7.0,7.0,21.0,56.0,193.0
121,32.0,21.78125,36.66829022554114,7.0,7.0,7.0,21.0,207.0
122,32.0,36.0,59.47620830919461,7.0,7.0,7.0,21.0,200.0
123,21.0,26.19047619047619,41.507371691808004,7.0,7.0,7.0,28.0,193.0
124,37.0,31.324324324324323,37.527807507718016,7.0,7.0,21.0,35.0,214.0
125,27.0,53.2962962962963,98.75409039817221,7.0,7.0,21.0,49.0,476.0
126,37.0,30.945945945945947,47.421833898852235,7.0,7.0,14.0,21.0,200.0
127,41.0,30.146341463414632,40.24087534808963,7.0,7.0,14.0,35.0,200.0
128,38.0,26.81578947368421,41.07926106809161,7.0,7.0,10.5,26.25,228.0
129,37.0,42.86486486486486,54.45495700432002,7.0,14.0,14.0,42.0,210.0
