0.005732221994549036
0.006674717180430889
0.006832086015492678
0.013293078169226646
0.008064880967140198
0.024782007560133934
0.002372764516621828
0.003268249100074172
0.0986505001783371
0.003268249100074172
0.002294969279319048
0.04071435704827309
0.005448063835501671
0.01794053614139557
0.007030464708805084
0.04087698832154274
0.026980148628354073
0.010054321959614754
0.003268249100074172
0.003268249100074172
0.07898576557636261
0.013072940520942211
0.0077102999202907085
0.005585967097431421
0.02450077421963215
0.005384332966059446
0.003268249100074172
0.003268249100074172
0.003268249100074172
0.014516758732497692
0.003268249100074172
0.11311593651771545
0.017743118107318878
0.003268249100074172
0.012887491844594479
0.05509591102600098
0.02435207925736904
0.007439605891704559
0.002372764516621828
0.012798737734556198
0.012765341438353062
0.002294969279319048
0.07898576557636261
0.032409850507974625
0.003268249100074172
0.007006489206105471
0.020053623244166374
0.0064025637693703175
0.003268249100074172
0.033430393785238266
0.014349847100675106
0.003268249100074172
0.005448063835501671
0.005585967097431421
0.0066090780310332775
0.015214512124657631
0.04071435704827309
0.005250719375908375
0.04087698832154274
0.01094593945890665
0.0052031222730875015
0.024592304602265358
0.026704853400588036
0.003268249100074172
0.012616234831511974
0.02412828803062439
0.003268249100074172
0.007110193371772766
0.015129128471016884
0.005448063835501671
0.006251639220863581
0.017363108694553375
0.004626141861081123
0.003268249100074172
0.026859425008296967
0.003268249100074172
0.002372764516621828
0.04071435704827309
0.006907057482749224
0.0050127445720136166
0.003268249100074172
0.02392958290874958
0.02647111378610134
0.026450060307979584
0.003268249100074172
0.005585967097431421
0.006061356049031019
0.07898576557636261
0.03255597501993179
0.005985027179121971
0.015823183581233025
0.0986505001783371
0.003268249100074172
0.015078616328537464
0.03171481937170029
0.002294969279319048
0.023969341069459915
0.006659878883510828
0.003268249100074172
0.006032923236489296
0.08715656399726868
0.010627062059938908
0.003268249100074172
0.00490158423781395
0.033189866691827774
0.015035086311399937
0.003268249100074172
0.012712717987596989
0.019295016303658485
0.006335633806884289
0.014106061309576035
0.002294969279319048
0.006795866880565882
0.003268249100074172
0.010919984430074692
0.047144755721092224
0.08124225586652756
0.04071435704827309
0.004788148682564497
0.013403031043708324
0.016503270715475082
0.02613254077732563
0.005101565271615982
0.005448063835501671
0.035641930997371674
0.015824567526578903
0.0072671594098210335
0.03251273185014725
0.002294969279319048
0.015022223815321922
0.016407938674092293
0.01280408538877964
0.003268249100074172
0.012764333747327328
0.01565808244049549
0.04071435704827309
0.025431908667087555
0.016155779361724854
0.025231195613741875
0.037616848945617676
0.004723369609564543
0.014052202925086021
0.035641930997371674
0.012550697661936283
0.00850970670580864
0.04087698832154274
0.010054321959614754
0.006131085567176342
0.02350190095603466
0.03231573849916458
0.013555499725043774
0.003268249100074172
0.01501011848449707
0.03358234837651253
0.007116569671779871
0.0064593409188091755
0.015342846512794495
0.020282117649912834
0.01081392914056778
0.0986505001783371
0.01740073971450329
0.08695202320814133
0.003268249100074172
0.003268249100074172
0.014097511768341064
0.011904123239219189
0.019378043711185455
0.003268249100074172
0.012581374496221542
0.005448063835501671
0.015030015259981155
0.005585967097431421
0.01344356220215559
0.014997217804193497
0.010883779264986515
0.01451200246810913
0.008723531849682331
0.0124862901866436
0.005955616012215614
0.049451909959316254
0.013086664490401745
0.023997701704502106
0.01486731693148613
0.003268249100074172
0.017135106027126312
0.04087698832154274
0.012408404611051083
0.005396051332354546
0.008573456667363644
0.002294969279319048
0.08135997503995895
0.00620129844173789
0.006181362550705671
0.05176953226327896
0.08055339753627777
0.031283702701330185
0.01160514261573553
0.012813803739845753
0.01231367327272892
0.044922683387994766
0.014845081605017185
0.012335910461843014
0.01621658354997635
0.0326119139790535
0.006633996497839689
0.003268249100074172
0.003268249100074172
0.025119708850979805
0.012324375100433826
0.008928648196160793
0.014603390358388424
0.005985027179121971
0.00620257668197155
0.012242826633155346
0.003268249100074172
0.012380113825201988
0.010477248579263687
0.035641930997371674
0.011489707976579666
0.07898576557636261
0.04606378450989723
0.0861414298415184
0.010054321959614754
0.002372764516621828
0.012039839290082455
0.008457335643470287
0.009254194796085358
0.02470984309911728
0.016228748485445976
0.11311593651771545
0.013919707387685776
0.05085368454456329
0.013406622223556042
0.014593604020774364
0.006502095144242048
0.012823138386011124
0.003268249100074172
0.050422195345163345
0.04071435704827309
0.02433864027261734
0.034347955137491226
0.011949575506150723
0.011157318018376827
0.04087698832154274
0.003268249100074172
0.005954721476882696
0.05386001989245415
0.017009370028972626
0.0074991765432059765
0.03432760387659073
0.1078549325466156
0.01467632595449686
0.012080312706530094
0.017484640702605247
0.03251970559358597
0.03679034486413002
0.023246264085173607
0.006502095144242048
0.012535914778709412
0.013844056986272335
0.012137831188738346
0.017246590927243233
0.006085658445954323
0.012124169617891312
0.03669135272502899
0.04071435704827309
0.01698491908609867
0.003268249100074172
0.005917102098464966
0.016076641157269478
0.007605470716953278
0.07898576557636261
0.0323522724211216
0.029631631448864937
0.1078549325466156
0.010335014201700687
0.04570887237787247
0.01167454943060875
0.010661415755748749
0.01434551551938057
0.015868306159973145
0.007762560620903969
0.005985027179121971
0.012649651616811752
0.003268249100074172
0.04087698832154274
0.004544659052044153
0.006540131289511919
0.009126674383878708
0.024435460567474365
0.03822539001703262
0.010054321959614754
0.1078549325466156
0.014421907253563404
0.014257770031690598
0.018235944211483
0.003268249100074172
0.025440936908125877
0.07898576557636261
0.005448063835501671
0.004329783376306295
0.015564502216875553
0.003268249100074172
0.005782045423984528
0.02904028445482254
0.005805063061416149
0.035641930997371674
0.00641680508852005
0.01541953906416893
0.08218643069267273
0.014080453664064407
0.02371099404990673
0.0323653481900692
0.014157994650304317
0.007723952643573284
0.03652830421924591
0.003268249100074172
0.01543265301734209
0.015412604436278343
0.0059284609742462635
0.02215038239955902
0.020425576716661453
0.01569613814353943
0.020309796556830406
0.009250218980014324
0.013711253181099892
0.022095002233982086
0.008558201603591442
0.008521784096956253
0.019954700022935867
0.006092406809329987
0.01657588966190815
0.01565518230199814
0.010446769185364246
0.031084967777132988
0.01651209406554699
0.015866296365857124
0.016443047672510147
0.011524766683578491
0.010621916502714157
0.010613654740154743
0.10420462489128113
0.03913980722427368
0.005518725607544184
0.01112305372953415
0.004281718749552965
0.005518725607544184
0.07329246401786804
0.05046961456537247
0.018032433465123177
0.03518685698509216
0.03329230844974518
0.005518725607544184
0.10167495906352997
0.042740557342767715
0.031228357926011086
0.005518725607544184
0.005518725607544184
0.014133241958916187
0.01563851721584797
0.008952002972364426
0.007315217051655054
0.029075004160404205
0.009172863326966763
0.014197812415659428
0.01951461099088192
0.020724277943372726
0.032829150557518005
0.0194464772939682
0.007076116278767586
0.009367751888930798
0.07661416381597519
0.005518725607544184
0.05344933643937111
0.006186589132994413
0.011116373352706432
0.005518725607544184
0.005518725607544184
0.005518725607544184
0.02870039828121662
0.05238912254571915
0.016353024169802666
0.026725798845291138
0.06798141449689865
0.01037528645247221
0.032737329602241516
0.019087867811322212
0.005518725607544184
0.010465906001627445
0.022906024008989334
0.010400856845080853
0.10167495906352997
0.07475846260786057
0.016821401193737984
0.005518725607544184
0.020383961498737335
0.015173131600022316
0.08216387778520584
0.04383736476302147
0.005653169471770525
0.03500296548008919
0.008231643587350845
0.011712664738297462
0.05784668028354645
0.01875501684844494
0.011273601092398167
0.09387101978063583
0.005518725607544184
0.016195766627788544
0.028575992211699486
0.03247867524623871
0.022961320355534554
0.001915513421408832
0.008691664785146713
0.018551036715507507
0.012403967790305614
0.006865059025585651
0.011316966265439987
0.10714320838451385
0.010231132619082928
0.018500033766031265
0.018504949286580086
0.014637479558587074
0.006564779207110405
0.04351544380187988
0.016883499920368195
0.008007398806512356
0.005518725607544184
0.10851692408323288
0.015870781615376472
0.01685955747961998
0.006462279241532087
0.05767113342881203
0.005518725607544184
0.07442290335893631
0.005518725607544184
0.01674165576696396
0.016704613342881203
0.005518725607544184
0.004299886059015989
0.016548996791243553
0.030693626031279564
0.08055000752210617
0.0284600630402565
0.018992258235812187
0.007707380224019289
0.006783738732337952
0.010429872199892998
0.01904984936118126
0.019040042534470558
0.07452542334794998
0.005518725607544184
0.08216387778520584
0.030938558280467987
0.08247672766447067
0.01645001582801342
0.005518725607544184
0.011462882161140442
0.11146972328424454
0.01910928264260292
0.006186589132994413
0.036952510476112366
0.10558950901031494
0.016462408006191254
0.01148314494639635
0.006092406809329987
0.007076116278767586
0.04892158880829811
0.006783738732337952
0.016416236758232117
0.010917538776993752
0.057491008192300797
0.010521966964006424
0.014409302733838558
0.01503989938646555
0.007023055572062731
0.032620057463645935
0.020430415868759155
0.014320814050734043
0.005518725607544184
0.0525720976293087
0.005518725607544184
0.05724650248885155
0.011414784938097
0.016513075679540634
0.016520420089364052
0.016233373433351517
0.048267874866724014
0.016467643901705742
0.01226030196994543
0.00643877824768424
0.017525311559438705
0.014048835262656212
0.019440384581685066
0.029312819242477417
0.01612333208322525
0.009466384537518024
0.004281718749552965
0.004281718749552965
0.0085303895175457
0.01619851402938366
0.01387482788413763
0.0046124327927827835
0.016214437782764435
0.019302483648061752
0.05929769575595856
0.08216387778520584
0.005518725607544184
0.015917710959911346
0.031084967777132988
0.015914829447865486
0.01522875390946865
0.04462278261780739
0.015848444774746895
0.015784436836838722
0.05791956186294556
0.01575499214231968
0.005518725607544184
0.02142014354467392
0.03392359986901283
0.008474700152873993
0.015627581626176834
0.02769600786268711
0.008831724524497986
0.015099448151886463
0.004281718749552965
0.029025113210082054
0.008419705554842949
0.01904546655714512
0.004317172337323427
0.01613299362361431
0.006121605634689331
0.018963245674967766
0.013801690191030502
0.07660451531410217
0.08372623473405838
0.0804847925901413
0.02124604769051075
0.015435729175806046
0.01318779494613409
0.015981996431946754
0.013694703578948975
0.007193290162831545
0.01984654739499092
0.005911590065807104
0.01581939496099949
0.019190188497304916
0.006092406809329987
0.009294068440794945
0.030334440991282463
0.012146539054811
0.028528666123747826
0.05839214101433754
0.047290440648794174
0.015226582065224648
0.024183016270399094
0.015577391721308231
0.01555837132036686
0.012971973977982998
0.028009731322526932
0.015840066596865654
0.032500263303518295
0.015076198615133762
0.015043040737509727
0.005518725607544184
0.014198779128491879
0.008312191814184189
0.007839955389499664
0.04816858470439911
0.005518725607544184
0.031084967777132988
0.010773842222988605
0.005518725607544184
0.08019444346427917
0.019142303615808487
0.0352860763669014
0.04779716953635216
0.008185060694813728
0.016206489875912666
0.08224470168352127
0.03509865701198578
0.009474527090787888
0.015267678536474705
0.010709009133279324
0.005518725607544184
0.03271280229091644
0.013760533183813095
0.02138773910701275
0.020723246037960052
0.0068357945419847965
0.006906446535140276
0.07686734199523926
0.016138453036546707
0.10507141798734665
0.01289185881614685
0.01941015012562275
0.014465844258666039
0.02452867664396763
0.01552553754299879
0.03329230844974518
0.019511589780449867
0.016045523807406425
0.015933368355035782
0.08430227637290955
0.03897271677851677
0.03258756175637245
0.034114692360162735
0.09782049059867859
0.015693657100200653
0.0156925767660141
0.0096594775095582
0.019478468224406242
0.006740042939782143
0.010237784124910831
0.005518725607544184
0.01940406672656536
0.07984486222267151
0.015217465348541737
0.02040060982108116
0.001915513421408832
0.008320514112710953
0.015742860734462738
0.0046124327927827835
0.05440716817975044
0.0059053641743958
0.01932690292596817
0.004281718749552965
0.04680503532290459
0.019264932721853256
0.03054528869688511
0.0761062502861023
0.010011888109147549
0.03187276050448418
0.005518725607544184
0.015689032152295113
0.011961310170590878
0.0745549276471138
0.004281718749552965
0.010278451256453991
0.1067119613289833
0.01011903677135706
0.005649236962199211
0.005649236962199211
0.07341475039720535
0.006455554161220789
0.030238192528486252
0.01591757871210575
0.062279608100652695
0.03232552111148834
0.01589447818696499
0.006773650646209717
0.015879500657320023
0.008590038865804672
0.023598289117217064
0.020045848563313484
0.014152225106954575
0.01990562304854393
0.01608656346797943
0.020040981471538544
0.05236528068780899
0.020004458725452423
0.08197247236967087
0.015318205580115318
0.0059346482157707214
0.004040117375552654
0.10580632090568542
0.010038069449365139
0.10439992696046829
0.014025247655808926
0.005649236962199211
0.03507286310195923
0.010143231600522995
0.01393980160355568
0.01959366910159588
0.015754662454128265
0.043356820940971375
0.006215684115886688
0.023189114406704903
0.08133763819932938
0.004795837681740522
0.08123569935560226
0.05581489950418472
0.015794264152646065
0.01597951352596283
0.005649236962199211
0.10350913554430008
0.015134544111788273
0.02089819125831127
0.00613923417404294
0.010240335948765278
0.014565140008926392
0.028702126815915108
0.020929548889398575
0.053740933537483215
0.0064623598009347916
0.11149744689464569
0.006856436841189861
0.02985166385769844
0.006634408608078957
0.015644676983356476
0.008722515776753426
0.05324455723166466
0.0018795373616740108
0.0387488454580307
0.02079741470515728
0.00865954253822565
0.08649478852748871
0.005649236962199211
0.013607905246317387
0.08539339154958725
0.03291049972176552
0.011173155158758163
0.01603679545223713
0.03203371912240982
0.006053539924323559
0.017204098403453827
0.08243320137262344
0.004715783521533012
0.005649236962199211
0.020592542365193367
0.013463628478348255
0.014275745488703251
0.013417783193290234
0.015909921377897263
0.01002029050141573
0.015854639932513237
0.020469797775149345
0.01658668927848339
0.020412681624293327
0.013217713683843613
0.09679125994443893
0.020296750590205193
0.0060325562953948975
0.04787471145391464
0.020162004977464676
0.02397240325808525
0.00892410147935152
0.0200156569480896
0.035715654492378235
0.03217857703566551
0.013162707909941673
0.05192456394433975
0.02924439311027527
0.02367892675101757
0.008163497783243656
0.16043217480182648
0.0384465791285038
0.01617623120546341
0.014126688241958618
0.07260255515575409
0.019611846655607224
0.016152696684002876
0.004795837681740522
0.10819578915834427
0.013068163767457008
0.009923682548105717
0.020770855247974396
0.016034167259931564
0.006217543501406908
0.01691150851547718
0.012972996570169926
0.009965232573449612
0.016929777339100838
0.019816698506474495
0.019811240956187248
0.015843233093619347
0.09905219823122025
0.07327887415885925
0.016479134559631348
0.019756892696022987
0.019743727520108223
0.09622415900230408
0.005723101086914539
0.009917601943016052
0.03257587552070618
0.008575444109737873
0.020612962543964386
0.005649236962199211
0.032457031309604645
0.015565796755254269
0.012737244367599487
0.016904238611459732
0.07357156276702881
0.015469578094780445
0.02209281735122204
0.015323332510888577
0.015365810133516788
0.016810089349746704
0.005649236962199211
0.0357050858438015
0.033265773206949234
0.004715783521533012
0.004795837681740522
0.020525308325886726
0.10394937545061111
0.017112772911787033
0.009974949061870575
0.013612549751996994
0.0220933984965086
0.08143797516822815
0.007062926888465881
0.016412071883678436
0.015431776642799377
0.0828261449933052
0.005649236962199211
0.012726071290671825
0.033141784369945526
0.019810613244771957
0.054180096834897995
0.012700903229415417
0.013468972407281399
0.015382727608084679
0.012668650597333908
0.022100256755948067
0.05380469933152199
0.01977219618856907
0.08210611343383789
0.041779860854148865
0.010537665337324142
0.009722010232508183
0.005649236962199211
0.09509463608264923
0.0018795373616740108
0.10625286400318146
0.03670530766248703
0.005649236962199211
0.019853947684168816
0.01686631515622139
0.005916208494454622
0.019365618005394936
0.019892822951078415
0.01529734954237938
0.016614051535725594
0.0912652462720871
0.011349785141646862
0.00581028126180172
0.005649236962199211
0.16043217480182648
0.07510317862033844
0.024779969826340675
0.01699654571712017
0.020274613052606583
0.016405614092946053
0.005828425753861666
0.0384465791285038
0.013539946638047695
0.00933731161057949
0.020138010382652283
0.0720633938908577
0.019961798563599586
0.032826926559209824
0.09425719082355499
0.012547479011118412
0.006856436841189861
0.009932304732501507
0.019968818873167038
0.005816595163196325
0.01397612038999796
0.01512964628636837
0.004040117375552654
0.11149744689464569
0.08381760865449905
0.060778044164180756
0.01709008403122425
0.16043217480182648
0.03356432542204857
0.0222462210804224
0.01713629998266697
0.0971803218126297
0.00933731161057949
0.02745301090180874
0.024097193032503128
0.004795837681740522
0.004795837681740522
0.05400054156780243
0.013461804948747158
0.015929529443383217
0.006736056879162788
0.012487214989960194
0.020155124366283417
0.010265793651342392
0.03578124940395355
0.02011743001639843
0.012427721172571182
0.02006515860557556
0.015743736177682877
0.016163719817996025
0.011733186431229115
0.016904383897781372
0.011248157359659672
0.04713853821158409
0.019839763641357422
0.005649236962199211
0.019762763753533363
0.023435421288013458
0.01966877467930317
0.00661537516862154
0.005712815094739199
0.008679776452481747
0.06108667701482773
0.015442184172570705
0.01959936134517193
0.012441261671483517
0.019347770139575005
0.10394937545061111
0.01927032507956028
0.015254654921591282
0.013245906680822372
0.015353044494986534
0.033229291439056396
0.019067710265517235
0.012388136237859726
0.047756683081388474
0.0060325562953948975
0.022988207638263702
0.004040117375552654
0.008228415623307228
0.11000121384859085
0.056623831391334534
0.015166745521128178
0.015140121802687645
0.09676721692085266
0.027705412358045578
0.01890823245048523
0.08972363919019699
0.008926247246563435
0.09366002678871155
0.017020894214510918
0.015922419726848602
0.015091472305357456
0.035715654492378235
0.005649236962199211
0.014791850000619888
0.006773650646209717
0.010566755197942257
0.053250495344400406
0.009810784831643105
0.006629176903516054
0.06728595495223999
0.05294051021337509
0.012511294335126877
0.01060725562274456
0.019919447600841522
0.014698623679578304
0.02280534617602825
0.018784834071993828
0.014635936357080936
0.004040117375552654
0.027530377730727196
0.036003854125738144
0.01870066113770008
0.018672093749046326
0.06042459234595299
0.00973057933151722
0.01210558507591486
0.022253086790442467
0.018500596284866333
0.014387756586074829
0.041034258902072906
0.00905114971101284
0.01479218527674675
0.01868828386068344
0.012006440199911594
0.01860892027616501
0.005943630822002888
0.018514154478907585
0.018457846716046333
0.014616250060498714
0.018331296741962433
0.03795411437749863
0.012969743460416794
0.018143923953175545
0.05193343013525009
0.01561709027737379
0.02022605948150158
0.005943630822002888
0.0735173299908638
0.01356962975114584
0.014563477598130703
0.014546333812177181
0.015885258093476295
0.014512067660689354
0.017693007364869118
0.01281830109655857
0.027729874476790428
0.017597220838069916
0.014367681927978992
0.01751885749399662
0.010170544497668743
0.014272043481469154
0.030155615881085396
0.016985924914479256
0.01524224504828453
0.009977616369724274
0.023508263751864433
0.02349773794412613
0.10092122107744217
0.017174191772937775
0.008538339287042618
0.07913316041231155
0.054782699793577194
0.006480046082288027
0.03622376546263695
0.005943630822002888
0.06323493272066116
0.01398853026330471
0.048846080899238586
0.01398058794438839
0.016852738335728645
0.005943630822002888
0.016826342791318893
0.021432342007756233
0.010045056231319904
0.013874963857233524
0.017068009823560715
0.01381776388734579
0.006812070030719042
0.016654575243592262
0.005399977322667837
0.014318015426397324
0.012593623250722885
0.027249855920672417
0.01330223772674799
0.01419222354888916
0.016916997730731964
0.06350971013307571
0.03838392347097397
0.02697817049920559
0.016002582386136055
0.008437284268438816
0.01642410270869732
0.013384806923568249
0.11479265242815018
0.016806378960609436
0.0134510463103652
0.011938714422285557
0.005399977322667837
0.036428097635507584
0.01154621597379446
0.08534084260463715
0.042388319969177246
0.013233439065515995
0.016248250380158424
0.046864572912454605
0.009554817341268063
0.005943630822002888
0.07579924166202545
0.01337205246090889
0.07395397871732712
0.019098756834864616
0.013344664126634598
0.016991248354315758
0.01629267819225788
0.021403517574071884
0.01696671172976494
0.016227448359131813
0.005943630822002888
0.03119397908449173
0.009785031899809837
0.08259269595146179
0.0544092059135437
0.013175919651985168
0.014655682258307934
0.10299546271562576
0.01599583961069584
0.0082181291654706
0.0483703576028347
0.013058318756520748
0.005943630822002888
0.014902389608323574
0.014291849918663502
0.03118225373327732
0.016767827793955803
0.026771826669573784
0.005943630822002888
0.08543763309717178
0.0058179874904453754
0.01631101965904236
0.016715647652745247
0.038047630339860916
0.010649665258824825
0.01347056683152914
0.00498019065707922
0.00839222688227892
0.012923656962811947
0.006925023626536131
0.012963014654815197
0.037935610860586166
0.006885910406708717
0.08548344671726227
0.007028906140476465
0.006493539083749056
0.04592655971646309
0.011683639138936996
0.01303935144096613
0.005943630822002888
0.0478808730840683
0.010446473956108093
0.008325246162712574
0.009608588181436062
0.006141073536127806
0.02689305506646633
0.012631484307348728
0.005943630822002888
0.026141535490751266
0.012405193410813808
0.008294493891298771
0.010355252772569656
0.015626827254891396
0.012999694794416428
0.015579470433294773
0.018520941957831383
0.016703179106116295
0.08795684576034546
0.07503780722618103
0.05210788547992706
0.036428097635507584
0.015567371621727943
0.0121392123401165
0.007293511647731066
0.012360748834908009
0.01389908418059349
0.0944182425737381
0.013228126801550388
0.00498019065707922
0.011213857680559158
0.025668013840913773
0.03287939727306366
0.029993046075105667
0.04721430316567421
0.07720998674631119
0.01658301241695881
0.004155870992690325
0.012798898853361607
0.1171807125210762
0.026135655120015144
0.012732806615531445
0.0075073763728141785
0.016736231744289398
0.013563350774347782
0.026685863733291626
0.037738993763923645
0.015462755225598812
0.08523726463317871
0.006721676792949438
0.016840852797031403
0.011290335096418858
0.009227284230291843
0.011839743703603745
0.016862181946635246
0.01265741791576147
0.02857155352830887
0.06298831105232239
0.028530912473797798
0.016025956720113754
0.006618943996727467
0.01541248057037592
0.03649866208434105
0.01539806742221117
0.016785597428679466
0.015349953435361385
0.054782699793577194
0.0589519739151001
0.038614947348833084
0.026699094101786613
0.050723422318696976
0.11239619553089142
0.05310564860701561
0.01666867360472679
0.014056185260415077
0.011879322119057178
0.012639650143682957
0.015290314331650734
0.018277766183018684
0.013984397053718567
0.036428097635507584
0.063084177672863
0.025043301284313202
0.08554302901029587
0.01259548682719469
0.017580650746822357
0.0055026221089065075
0.012698189355432987
0.024957068264484406
