17
19
20
22
24
25
8
9
10
11
4
6
7
30
31
32
33
0
12
23
27
28
29
2
3
34
35
13
14
15
67
39
56
45
46
42
69
61
47
68
59
38
75
51
44
65
111
53
60
82
40
66
105
36
64
50
55
58
81
43
103
48
63
71
74
49
83
78
104
101
92
97
139
95
70
107
96
118
119
141
84
147
87
94
80
102
72
99
16
133
154
79
131
143
89
117
114
140
120
100
52
86
91
132
116
76
156
135
106
130
153
88
122
168
155
115
138
108
166
151
167
137
150
110
85
127
152
136
124
142
158
125
112
160
163
26
144
62
98
121
128
18
123
169
54
134
21
161
90
157
148
57
164
93
126
129
162
146
165
5
159
41
77
113
149
1
145
37
109
73
