0.22104327380657196
0.29474544525146484
0.10997408628463745
0.049776989966630936
0.10009847581386566
0.20209069550037384
0.24099992215633392
0.32138580083847046
0.32138580083847046
0.32138580083847046
0.32138580083847046
0.32138580083847046
0.32138580083847046
0.48215773701667786
0.4688549339771271
0.4688549339771271
0.4688549339771271
0.4688549339771271
0.4688549339771271
0.4688549339771271
0.4407714307308197
0.4407714307308197
0.23510989546775818
0.3760053217411041
0.18705439567565918
0.2248590588569641
0.2815690040588379
0.2815690040588379
0.2091633379459381
0.2053641527891159
0.029245154932141304
0.038243331015110016
0.05626309663057327
0.11036354303359985
0.16446402668952942
0.21857312321662903
0.06640801578760147
0.11741415411233902
0.20922519266605377
0.3315345346927643
0.41590291261672974
0.23680925369262695
0.35590943694114685
0.35590943694114685
0.37518441677093506
0.31826457381248474
0.17980346083641052
0.17980346083641052
0.2037184238433838
0.2728179395198822
0.2728179395198822
0.2728179395198822
0.1616939753293991
0.16218389570713043
0.16218389570713043
0.06356149911880493
0.13342031836509705
0.24520538747310638
0.4128829538822174
0.08891869336366653
0.11905628442764282
0.10230035334825516
0.11956169456243515
0.32048213481903076
0.37402740120887756
0.37402740120887756
0.37402740120887756
0.3733469545841217
0.3733469545841217
0.3733469545841217
0.3733469545841217
0.3733469545841217
0.3733469545841217
0.3733469545841217
0.3637966811656952
0.3637966811656952
0.3637966811656952
0.3637966811656952
0.3637966811656952
0.3637966811656952
0.3637966811656952
0.3637966811656952
0.3637966811656952
0.3637966811656952
0.36192548274993896
0.36192548274993896
0.36192548274993896
0.36192548274993896
0.36192548274993896
0.36192548274993896
0.36192548274993896
0.36192548274993896
0.36192548274993896
0.33692845702171326
0.35302725434303284
0.35302725434303284
0.27151983976364136
0.13323062658309937
0.20202454924583435
0.20202454924583435
0.059908557683229446
0.09439114481210709
0.2698582708835602
0.0903475433588028
0.1801086813211441
0.1801086813211441
0.1801086813211441
0.22499628365039825
0.29980891942977905
0.361311137676239
0.361311137676239
0.361311137676239
0.3870629370212555
0.3870629370212555
0.3870629370212555
0.45144227147102356
0.45144227147102356
0.45144227147102356
0.4494573771953583
0.4494573771953583
0.4494573771953583
0.4494573771953583
0.4494573771953583
0.4494573771953583
0.2789407968521118
0.41501185297966003
0.41501185297966003
0.3264390528202057
0.3246830403804779
0.3246830403804779
0.3246830403804779
0.3787878751754761
0.3787878751754761
0.3787878751754761
0.13754914700984955
0.27512598037719727
0.27512598037719727
0.27512598037719727
0.1852196455001831
0.14659950137138367
0.2825271189212799
0.08971723169088364
0.1119188666343689
0.14896860718727112
0.14896860718727112
0.2230680286884308
0.2971675395965576
0.2971675395965576
0.4460427165031433
0.4460427165031433
0.17117811739444733
0.21209119260311127
0.28031235933303833
0.41676029562950134
0.3242325186729431
0.37660953402519226
0.2812865674495697
0.18388165533542633
0.29035478830337524
0.29035478830337524
0.09096464514732361
0.113233782351017
0.1802336871623993
0.2249002903699875
0.25680506229400635
0.2993446886539459
0.2993446886539459
0.3206145763397217
0.3924001157283783
0.44532063603401184
0.21640487015247345
0.28554344177246094
0.42379915714263916
0.42379915714263916
0.3253287374973297
0.38268589973449707
0.290012925863266
0.040414948016405106
0.06253618001937866
0.07321412116289139
0.07321412116289139
0.08923542499542236
0.1373467743396759
0.12803128361701965
0.24111321568489075
0.2981041967868805
0.05746394023299217
0.19179417192935944
0.14959017932415009
0.3342769742012024
0.44509685039520264
0.44509685039520264
0.22402991354465485
0.3333292603492737
0.4405372440814972
0.4405372440814972
0.4405372440814972
0.3355899751186371
0.3355899751186371
0.3355899751186371
0.3355899751186371
0.3887181282043457
0.3887181282043457
0.28218576312065125
0.2805275321006775
0.2805275321006775
0.19097742438316345
0.15499995648860931
0.15499995648860931
0.2966356873512268
0.17571499943733215
0.1467926800251007
0.2191261649131775
0.29202017188072205
0.32823503017425537
0.2358483076095581
0.38360413908958435
0.4574733078479767
0.4574733078479767
0.31634172797203064
0.31634172797203064
0.39281171560287476
0.27499374747276306
0.27499374747276306
0.27499374747276306
0.09612370282411575
0.09612370282411575
0.1983790248632431
0.1983790248632431
0.10536882281303406
0.15157932043075562
0.19774755835533142
0.2928028702735901
0.2928028702735901
0.11605464667081833
0.15300612151622772
0.271271288394928
0.37483489513397217
0.4488116204738617
0.44873717427253723
0.07294914871454239
0.16970419883728027
0.24657447636127472
0.18892177939414978
0.2721661329269409
0.32314351201057434
0.3449874222278595
0.38430655002593994
0.39959725737571716
0.39959725737571716
0.479875385761261
0.479875385761261
0.479875385761261
0.3041946291923523
0.2905502915382385
0.2905502915382385
0.2905502915382385
0.2899773418903351
0.2144821435213089
0.1514068990945816
0.29027190804481506
0.1240837350487709
0.1240837350487709
0.23955796658992767
0.23955796658992767
0.23955796658992767
0.24581767618656158
0.3243597149848938
0.3243597149848938
0.38716480135917664
0.4813723862171173
0.4813723862171173
0.5038096904754639
0.28739410638809204
0.2939770221710205
0.2939770221710205
0.2939770221710205
0.2939770221710205
0.2939770221710205
0.2939770221710205
0.2939770221710205
0.2939770221710205
0.2885388135910034
0.2885388135910034
0.2885388135910034
0.2885388135910034
0.2885388135910034
0.2885388135910034
0.2885388135910034
0.2885388135910034
0.2885388135910034
0.2885388135910034
0.2885388135910034
0.28261664509773254
0.28261664509773254
0.28794482350349426
0.2225007861852646
0.07111246138811111
0.10971929132938385
0.15780478715896606
0.30205783247947693
0.30205783247947693
0.3034725487232208
0.1686772257089615
0.1686772257089615
0.1686772257089615
0.24721860885620117
0.24721860885620117
0.24721860885620117
0.36500871181488037
0.4154931604862213
0.4154931604862213
0.4828057885169983
0.26644283533096313
0.5118241310119629
0.5118241310119629
0.5118241310119629
0.5118241310119629
0.27895137667655945
0.27895137667655945
0.27895137667655945
0.27895137667655945
0.23088356852531433
0.35812315344810486
0.4447152018547058
0.4447152018547058
0.4447152018547058
0.4447152018547058
0.4447152018547058
0.4447152018547058
0.4447152018547058
0.4447152018547058
0.4447152018547058
0.23782308399677277
0.30107682943344116
0.24138423800468445
0.3568858206272125
0.47238272428512573
0.47238272428512573
0.283829003572464
0.283829003572464
0.283829003572464
0.283829003572464
0.283829003572464
0.27807432413101196
0.27807432413101196
0.27807432413101196
0.27807432413101196
0.27807432413101196
0.27807432413101196
0.27807432413101196
0.27807432413101196
0.27807432413101196
0.27807432413101196
0.3045049011707306
0.3045049011707306
0.16679903864860535
0.16679903864860535
0.24453356862068176
0.3222407400608063
0.39994803071022034
0.477655291557312
0.3369136154651642
0.49513494968414307
0.2630055248737335
0.2630055248737335
0.2630055248737335
0.2630055248737335
0.2630055248737335
0.2630055248737335
0.2630055248737335
0.2630055248737335
0.4325031638145447
0.26803499460220337
0.26803499460220337
0.26803499460220337
0.26803499460220337
0.2489919811487198
0.16059444844722748
0.20911040902137756
0.20911040902137756
0.20911040902137756
0.20966893434524536
0.3066324293613434
0.13237951695919037
0.20392972230911255
0.2515745460987091
0.2515745460987091
0.2991653084754944
0.3309009373188019
0.37057048082351685
0.41023993492126465
0.4118918776512146
0.47837546467781067
0.47837546467781067
0.48877790570259094
0.24933293461799622
0.42931434512138367
0.13692906498908997
0.18002688884735107
0.26592347025871277
0.26592347025871277
0.26562753319740295
0.0908563882112503
0.18123742938041687
0.22615814208984375
0.27105796337127686
0.11084506660699844
0.15927721560001373
0.2075859010219574
0.2316458374261856
0.2977721095085144
0.2548237442970276
0.2548237442970276
0.49342840909957886
0.1847633421421051
0.26582905650138855
0.26582905650138855
0.26582905650138855
0.3867873251438141
0.5076783299446106
0.508377730846405
0.234501913189888
0.42981311678886414
0.42981311678886414
0.27469056844711304
0.09394766390323639
0.186915323138237
0.186915323138237
0.186915323138237
0.2791726589202881
0.06932302564382553
0.08455419540405273
0.1265796720981598
0.1548343002796173
0.20179744064807892
0.29536929726600647
0.29803329706192017
0.36795443296432495
0.4262475371360779
0.4379061758518219
0.19345414638519287
0.3606988787651062
0.3606988787651062
0.5272142291069031
0.5272142291069031
0.5272142291069031
0.2389747053384781
0.2389747053384781
0.44757550954818726
0.2911512553691864
0.2921352684497833
0.09683195501565933
0.1447315365076065
0.19236283004283905
0.28705623745918274
0.15997280180454254
0.15997280180454254
0.2083621621131897
0.30465972423553467
0.18476992845535278
0.3172931969165802
0.3501315712928772
0.41624772548675537
0.515425980091095
0.15544965863227844
0.24706625938415527
0.2836965024471283
0.2836965024471283
0.36901402473449707
0.4116135537624359
0.5392543077468872
0.5392543077468872
0.5483514666557312
0.5483514666557312
0.5483514666557312
0.5483514666557312
0.21949133276939392
0.21949133276939392
0.21949133276939392
0.1633557677268982
0.2335185706615448
0.2369641214609146
0.15833605825901031
0.15833605825901031
0.30219390988349915
0.30219390988349915
0.30219390988349915
0.30219390988349915
0.16786938905715942
0.3197539150714874
0.3231458067893982
0.22108890116214752
0.3535631000995636
0.5189796686172485
0.24224592745304108
0.20703621208667755
0.34787511825561523
0.4533061683177948
0.5637814402580261
0.5637814402580261
0.22001175582408905
0.4789430499076843
0.23798829317092896
0.3116801679134369
0.2980079650878906
0.3223256766796112
0.3223256766796112
0.3223256766796112
0.19091136753559113
0.27983149886131287
0.3648022711277008
0.3648022711277008
0.5346354246139526
0.5346354246139526
0.5346354246139526
0.5346354246139526
0.5346354246139526
0.5427490472793579
0.5427490472793579
0.5427490472793579
0.5747889280319214
0.2209344506263733
0.2209344506263733
0.2209344506263733
0.2209344506263733
0.2209344506263733
0.2209344506263733
0.49273017048835754
0.49108508229255676
0.49108508229255676
0.33208850026130676
0.33208850026130676
0.33208850026130676
0.33208850026130676
0.33208850026130676
0.30243760347366333
0.3220292925834656
0.19735202193260193
0.28324270248413086
0.3697226643562317
0.5412856936454773
0.5412856936454773
0.5412856936454773
0.40860414505004883
0.4551090896129608
0.4551090896129608
0.21560510993003845
0.1827619969844818
0.25994008779525757
0.33523818850517273
0.37335243821144104
0.42235657572746277
0.4876953959465027
0.17157825827598572
0.27320975065231323
0.32402554154396057
0.32402554154396057
0.31504708528518677
0.1639527529478073
0.555278480052948
0.555278480052948
0.555278480052948
0.555278480052948
0.555278480052948
0.555278480052948
0.555278480052948
0.6126883625984192
0.6126883625984192
0.2153686136007309
0.2153686136007309
0.2153686136007309
0.2153686136007309
0.4887183606624603
0.4887183606624603
0.31428059935569763
0.31428059935569763
0.31428059935569763
0.31428059935569763
0.31428059935569763
0.31894174218177795
0.15823327004909515
0.3024948239326477
0.11289579421281815
0.17390716075897217
0.1986517310142517
0.2852875292301178
0.33723264932632446
0.33723264932632446
0.33723264932632446
0.3415991961956024
0.37651994824409485
0.37651994824409485
0.46382173895835876
0.5511114597320557
0.5511114597320557
0.473172664642334
0.2039707899093628
0.2039707899093628
0.2022135853767395
0.2022135853767395
0.2022135853767395
0.2022135853767395
0.2022135853767395
0.18252871930599213
0.2594583034515381
0.2594583034515381
0.47555458545684814
0.47555458545684814
0.47555458545684814
0.47555458545684814
0.1358845829963684
0.1358845829963684
0.11631164699792862
0.1653057038784027
0.1653057038784027
0.340102881193161
0.28373903036117554
0.12848535180091858
0.1538640558719635
0.1538640558719635
0.23100893199443817
0.23100893199443817
0.36839592456817627
0.39291298389434814
0.43704354763031006
0.5290061831474304
0.22421957552433014
0.318003386259079
0.41167518496513367
0.5052654147148132
0.1704600602388382
0.4677492082118988
0.16192221641540527
0.2102784365415573
0.30239424109458923
0.30239424109458923
0.30239424109458923
0.30239424109458923
0.30239424109458923
0.341278612613678
0.28409343957901
0.2749040424823761
0.5269494652748108
0.17852643132209778
0.17852643132209778
0.2634958326816559
0.31989797949790955
0.37626829743385315
0.46082401275634766
0.4889628291130066
0.6015180349349976
0.6015180349349976
0.17146006226539612
0.1685694307088852
0.1685694307088852
0.1685694307088852
0.1685694307088852
0.4888174831867218
0.4888174831867218
0.4888174831867218
0.4888174831867218
0.4888174831867218
0.4888174831867218
0.4862278699874878
0.4862278699874878
0.30426180362701416
0.1757734715938568
0.34501200914382935
0.08999999612569809
0.12030019611120224
0.0805521160364151
0.10261144489049911
0.19141016900539398
0.21372953057289124
0.22712111473083496
0.2424258291721344
0.2424258291721344
0.2807002365589142
0.2807002365589142
0.2807002365589142
0.2807002365589142
0.5532608032226562
0.5532608032226562
0.551116406917572
0.551116406917572
0.32908278703689575
0.4252144396305084
0.6174622178077698
0.16359542310237885
0.16359542310237885
0.16359542310237885
0.16359542310237885
0.16359542310237885
0.16359542310237885
0.16335032880306244
0.4985390305519104
0.31303176283836365
0.31303176283836365
0.31303176283836365
0.31303176283836365
0.31303176283836365
0.31303176283836365
0.36664217710494995
0.15494434535503387
0.300378680229187
0.300378680229187
0.300378680229187
0.28712064027786255
0.28712064027786255
0.28712064027786255
0.3742794096469879
0.5482668280601501
0.5482668280601501
0.5482668280601501
0.5435388684272766
0.3301406502723694
0.4743245244026184
0.6185083985328674
0.6185083985328674
0.6185083985328674
0.16259296238422394
0.3377854526042938
0.490181028842926
0.20841538906097412
0.30174320936203003
0.30174320936203003
0.24718479812145233
0.36714810132980347
0.1276599019765854
0.15586671233177185
0.1842094510793686
0.20310458540916443
0.297580361366272
0.2852867841720581
0.2852867841720581
0.2831873595714569
0.3690110445022583
0.41188502311706543
0.5404982566833496
0.5404982566833496
0.5404982566833496
0.5404982566833496
0.5404982566833496
0.5404982566833496
0.5404982566833496
0.5404982566833496
0.5369495153427124
0.5369495153427124
0.5369495153427124
0.41957151889801025
0.15635040402412415
0.15635040402412415
0.2592414617538452
0.2592414617538452
0.48634424805641174
0.48634424805641174
0.494108110666275
0.494108110666275
0.494108110666275
0.494108110666275
0.3039618730545044
0.3039618730545044
0.36767810583114624
0.16104720532894135
0.16104720532894135
0.3072465658187866
0.31783026456832886
0.31783026456832886
0.11244071274995804
0.12900379300117493
0.12900379300117493
0.12900379300117493
0.15396353602409363
0.15396353602409363
0.15396353602409363
0.2302103340625763
0.2815204858779907
0.28132355213165283
0.28132355213165283
0.28132355213165283
0.3324725925922394
0.36652809381484985
0.43463918566703796
0.4638296365737915
0.5367988348007202
0.5367988348007202
0.6018655896186829
0.6018655896186829
0.16007591784000397
0.16007591784000397
0.25908035039901733
0.4859287440776825
0.15319253504276276
0.2348669469356537
0.2893165647983551
0.1947306990623474
0.25677797198295593
0.28780096769332886
0.28780096769332886
0.29003047943115234
0.30876004695892334
0.3833935558795929
0.3833935558795929
0.16973820328712463
0.22081223130226135
0.2616855800151825
0.32299551367759705
0.28327563405036926
0.3692890405654907
0.3692890405654907
0.446539968252182
0.5512966513633728
0.5512966513633728
0.32956159114837646
0.4248383641242981
0.615260124206543
0.15516160428524017
0.15516160428524017
0.15516160428524017
0.15516160428524017
0.25902682542800903
0.48844507336616516
0.16790620982646942
0.3150971829891205
0.3150971829891205
0.3150971829891205
0.3150971829891205
0.3150971829891205
0.3150971829891205
0.3150971829891205
0.3150971829891205
0.3907245397567749
0.31521761417388916
0.29411882162094116
0.29411882162094116
0.38243627548217773
0.5587494373321533
0.5587494373321533
0.5587494373321533
0.32527956366539
0.41902217268943787
0.6020715832710266
0.14359356462955475
0.14359356462955475
0.14359356462955475
0.14359356462955475
0.14359356462955475
0.14359356462955475
0.14359356462955475
0.14359356462955475
0.14058901369571686
0.46140652894973755
0.46140652894973755
0.31881722807884216
0.39923298358917236
0.11158175766468048
0.30250024795532227
0.30069786310195923
0.30069786310195923
0.23364533483982086
0.19918009638786316
0.33697041869163513
0.33697041869163513
0.37128564715385437
0.4141782820224762
0.5428558588027954
0.3086756765842438
0.5738686919212341
0.13594652712345123
0.4503832161426544
0.11850867420434952
0.16788356006145477
0.16788356006145477
0.2170344740152359
0.31541258096694946
0.31541258096694946
0.4035414457321167
0.15962758660316467
0.3039308786392212
0.27099841833114624
0.5176397562026978
0.30318617820739746
0.5674052238464355
0.5674052238464355
0.5674052238464355
0.14059355854988098
0.2343481183052063
0.3043569326400757
0.3043569326400757
0.3043569326400757
0.3043569326400757
0.3043569326400757
0.20595844089984894
0.40173161029815674
0.20806196331977844
0.3044015169143677
0.12477815896272659
0.12477815896272659
0.1487201452255249
0.18931446969509125
0.35369622707366943
0.39472150802612305
0.5177657604217529
0.5177657604217529
0.5296016931533813
0.17570701241493225
0.17570701241493225
0.22056888043880463
0.30995991826057434
0.39934977889060974
0.4440446197986603
0.4440446197986603
0.4887394607067108
0.5781294107437134
0.1424666941165924
0.4646202623844147
0.4646202623844147
0.4646202623844147
0.4646202623844147
0.3940177261829376
0.29855701327323914
0.1945086270570755
0.27833881974220276
0.27833881974220276
0.533845067024231
0.533845067024231
0.5970321893692017
0.14074097573757172
0.46590477228164673
0.3135143220424652
0.397167444229126
0.08919253945350647
0.11281520128250122
0.16035674512386322
0.16035674512386322
0.15868641436100006
0.15868641436100006
0.15868641436100006
0.15868641436100006
0.15868641436100006
0.15868641436100006
0.20631654560565948
0.20631654560565948
0.3016507029533386
0.29441553354263306
0.23132643103599548
0.23132643103599548
0.19771264493465424
0.28214794397354126
0.33279621601104736
0.33279621601104736
0.4087145924568176
0.4629420340061188
0.5352452397346497
0.6017832159996033
0.1364780068397522
0.4738021194934845
0.324170857667923
0.324170857667923
0.324170857667923
0.2050132155418396
0.4002572000026703
0.10702942311763763
0.15218691527843475
0.19076839089393616
0.19076839089393616
0.2792249023914337
0.23142419755458832
0.23142419755458832
0.23142419755458832
0.38020750880241394
0.4173903167247772
0.6033040285110474
0.6065165996551514
0.06738841533660889
0.06738841533660889
0.10896466672420502
0.13685084879398346
0.46135351061820984
0.1749700903892517
0.32648658752441406
0.32648658752441406
0.32648658752441406
0.3377443850040436
0.3377443850040436
0.3377443850040436
0.3377443850040436
0.4064747393131256
0.4064747393131256
0.12122281640768051
0.10384391248226166
0.17370682954788208
0.21354055404663086
0.27993836998939514
0.535139262676239
0.4290059506893158
0.6195669174194336
0.6195669174194336
0.6195669174194336
0.6195669174194336
0.6195669174194336
0.6195669174194336
0.6195669174194336
0.6195669174194336
0.6195669174194336
0.616441011428833
0.616441011428833
0.616441011428833
0.616441011428833
0.13926689326763153
0.24867621064186096
0.46385863423347473
0.46385863423347473
0.46385863423347473
0.46385863423347473
0.46385863423347473
0.46876442432403564
0.46876442432403564
0.3257404565811157
0.3257404565811157
0.40378662943840027
0.40378662943840027
0.40378662943840027
0.40378662943840027
0.40378662943840027
0.40378662943840027
0.14653682708740234
0.2788289785385132
0.23142769932746887
0.1983083039522171
0.3315500020980835
0.3315500020980835
0.5320751667022705
0.5320751667022705
0.44418707489967346
0.44418707489967346
0.44396260380744934
0.6404746174812317
0.6404746174812317
0.13156041502952576
0.46732014417648315
0.46732014417648315
0.46732014417648315
0.46732014417648315
0.46732014417648315
0.46732014417648315
0.4635961055755615
0.4635961055755615
0.4635961055755615
0.31852465867996216
0.20874446630477905
0.2751898765563965
0.4074806571006775
0.09964810311794281
0.14190244674682617
0.27074483036994934
0.1528218388557434
0.1291303038597107
0.27390170097351074
0.27390170097351074
0.3963649272918701
0.51893150806427
0.51893150806427
0.51893150806427
0.51893150806427
0.51893150806427
0.5350632667541504
0.5350632667541504
0.5350632667541504
0.5350632667541504
0.5350632667541504
0.5350632667541504
0.5350632667541504
0.5350632667541504
0.5350632667541504
0.5350632667541504
0.35265862941741943
0.35265862941741943
0.6527175307273865
0.6527175307273865
0.6527175307273865
0.6527175307273865
0.11167240887880325
0.11167240887880325
0.3288719356060028
0.4749699532985687
0.4668577015399933
0.4668577015399933
0.4668577015399933
0.4668577015399933
0.4668577015399933
0.3177315294742584
0.3177315294742584
0.3177315294742584
0.3177315294742584
0.1384507119655609
0.20283760130405426
0.20283760130405426
0.26744237542152405
0.26744237542152405
0.26744237542152405
0.26744237542152405
0.3190995156764984
0.3964104652404785
0.3964104652404785
0.24114377796649933
0.24114377796649933
0.2906891703605652
0.3758542239665985
0.25374841690063477
0.25374841690063477
0.5046906471252441
0.5046906471252441
0.655011773109436
0.655011773109436
0.655011773109436
0.655011773109436
0.6545982360839844
0.10501497238874435
0.10501497238874435
0.10501497238874435
0.45532065629959106
0.45532065629959106
0.45532065629959106
0.3207346796989441
0.10631991177797318
0.1395471692085266
0.20613104104995728
0.27341577410697937
0.4048607349395752
0.10324402898550034
0.0880899578332901
0.1646542251110077
0.18407003581523895
0.18407003581523895
0.18407003581523895
0.18407003581523895
0.19571949541568756
0.20348581671714783
0.23651191592216492
0.2009829580783844
0.2833952307701111
0.4082558751106262
0.4082558751106262
0.5333371758460999
0.6397031545639038
0.10545710474252701
0.44519492983818054
0.44519492983818054
0.3137432634830475
0.40993279218673706
0.06820476800203323
0.08535798639059067
0.12231170386075974
0.23580852150917053
0.1180306151509285
0.1180306151509285
0.11725572496652603
0.2171706259250641
0.2779581546783447
0.38347217440605164
0.4257300794124603
0.4421636164188385
0.5243316888809204
0.5243316888809204
0.5243316888809204
0.5243316888809204
0.3449820876121521
0.44266775250434875
0.6380244493484497
0.6380244493484497
0.11036372929811478
0.4337606430053711
0.4337606430053711
0.3134833574295044
0.41849929094314575
0.1561560332775116
0.23014846444129944
0.36190059781074524
0.5264924764633179
0.5264924764633179
0.5264924764633179
0.5264924764633179
0.5264924764633179
0.644091010093689
0.644091010093689
0.644091010093689
