value
78
94
93
77
82
95
93
86
85
82
89
100
93
100
90
94
100
66
96
84
97
98
95
97
96
91
92
92
79
65
94
100
100
83
96
95
89
91
86
82
98
89
91
95
90
95
100
98
95
83
100
97
96
95
100
100
82
100
82
98
93
100
100
100
87
100
100
100
100
100
100
92
83
98
100
96
100
100
98
74
98
92
95
98
97
98
100
92
97
100
73
99
94
100
96
80
88
100
89
100
97
92
96
93
92
93
77
100
100
94
100
95
98
100
94
94
93
100
100
92
100
80
100
100
100
86
78
77
100
100
90
100
66
95
100
100
100
95
100
73
66
100
100
64
89
100
100
66
71
67
100
83
98
100
98
100
100
100
100
100
100
100
68
74
50
100
77
81
91
90
100
50
100
75
93
100
100
100
100
100
100
100
100
100
100
100
100
93
86
100
82
93
95
86
93
100
94
83
100
89
92
100
86
95
100
91
88
100
79
100
85
79
84
76
66
87
100
100
100
82
58
100
90
95
91
100
85
89
100
71
100
72
95
100
86
94
99
74
76
100
83
89
85
79
100
100
100
100
100
100
90
90
96
100
90
82
100
84
100
100
89
80
100
100
84
100
100
85
83
100
100
80
89
100
100
96
97
85
89
98
96
93
100
96
97
94
72
100
100
100
100
97
96
97
100
91
90
100
84
71
100
100
96
100
100
100
100
100
96
94
90
96
96
100
100
98
100
97
92
100
100
88
100
100
97
95
95
100
98
93
100
100
100
100
100
100
100
100
95
100
100
100
97
89
87
100
82
93
97
97
98
96
100
100
100
100
100
89
100
100
100
100
100
94
80
94
100
100
100
100
100
100
89
100
100
100
100
93
91
100
97
98
98
100
96
100
100
98
100
100
99
80
100
100
78
93
100
98
88
100
100
100
100
97
92
100
100
100
98
100
98
100
94
93
84
100
66
100
100
100
100
98
100
100
100
100
100
99
100
74
84
100
70
100
100
100
95
92
100
88
77
92
100
100
100
100
100
100
78
100
100
100
100
100
66
100
100
100
71
100
98
100
100
100
89
71
96
100
100
100
100
100
100
83
100
100
91
71
100
100
100
100
100
99
90
66
100
95
100
88
89
71
100
41
100
84
81
100
100
100
100
75
100
94
100
71
100
100
100
100
100
100
100
89
100
95
100
100
100
100
100
100
100
100
100
100
100
100
50
100
100
100
100
100
100
100
71
76
80
100
100
50
71
100
100
100
100
100
100
100
100
100
56
100
81
86
94
100
100
100
100
82
100
49
100
85
100
79
100
89
100
88
100
88
100
100
84
100
89
100
100
100
100
74
86
85
71
100
100
85
83
86
100
91
100
100
100
100
100
97
100
85
100
85
100
100
100
100
100
92
100
86
89
100
100
100
100
100
83
91
74
100
87
100
100
92
82
100
100
100
100
100
85
82
100
88
100
100
100
93
100
100
100
79
100
100
100
100
100
100
71
100
100
86
100
100
100
100
89
100
87
100
100
95
100
100
100
100
91
100
79
100
100
100
69
100
100
100
100
92
94
100
100
71
100
100
74
80
100
100
100
100
85
100
100
100
100
100
100
100
100
100
100
100
98
83
79
96
100
100
100
100
100
100
100
100
84
100
69
93
100
100
98
100
100
100
100
100
100
82
100
100
100
100
98
100
100
98
100
100
100
100
100
83
73
100
100
98
100
100
100
100
100
100
100
82
100
100
99
85
94
100
100
100
80
100
100
100
100
100
91
73
100
100
83
100
100
98
100
100
100
68
100
100
100
85
100
70
79
100
100
100
100
100
100
100
100
67
98
91
100
100
59
100
100
80
100
100
98
100
100
100
100
100
100
96
89
66
100
100
100
75
82
70
64
100
89
64
75
100
100
84
100
100
100
98
97
100
81
94
100
94
100
98
100
100
100
65
63
100
100
93
100
100
100
100
80
100
66
77
77
100
100
100
100
84
98
100
93
90
74
100
100
100
83
79
98
100
80
100
100
100
100
72
100
100
96
72
100
76
100
80
100
81
100
90
91
100
77
100
100
100
100
96
81
100
69
100
86
100
100
100
100
65
100
100
100
98
64
100
100
100
66
100
100
100
100
100
100
100
100
93
93
100
100
76
100
100
100
97
100
100
100
98
100
86
100
100
77
100
100
100
82
100
83
94
75
100
100
69
100
64
100
100
100
100
100
100
83
100
100
94
84
100
100
100
91
75
100
84
81
100
100
100
100
91
100
89
100
100
100
80
68
100
100
100
100
100
100
90
64
84
93
67
74
100
100
100
91
92
86
100
100
85
100
100
100
74
88
100
100
100
82
82
100
92
100
100
78
100
78
100
73
81
76
100
100
73
100
100
100
88
100
80
84
100
100
100
100
100
100
100
100
82
100
100
100
100
78
100
100
86
100
100
62
80
100
100
100
83
100
100
83
100
100
81
100
100
100
100
88
76
100
100
100
100
93
71
88
96
100
100
93
100
100
77
100
100
100
100
85
100
96
100
80
100
100
79
100
83
100
85
100
73
100
96
76
100
71
100
61
100
100
100
85
98
100
100
100
100
100
100
80
100
85
100
100
100
89
93
100
72
100
100
100
67
68
100
100
100
100
100
100
100
100
70
100
100
77
100
100
100
100
66
77
89
76
100
100
88
100
100
100
100
100
100
78
90
100
100
74
86
100
100
86
84
81
100
100
100
100
98
100
71
75
100
96
100
100
52
100
84
94
71
100
92
90
100
85
98
67
100
86
75
100
86
86
77
88
100
100
94
100
100
85
100
71
68
82
82
100
100
87
84
91
100
100
75
95
100
75
81
70
91
100
100
75
100
100
100
100
90
100
70
100
92
91
92
91
100
67
80
86
73
100
71
100
100
100
68
100
70
89
89
83
90
80
98
85
87
86
100
93
100
84
100
91
100
84
100
100
99
93
88
100
100
100
76
83
75
100
84
100
100
70
80
83
100
72
79
100
100
100
100
100
75
100
78
100
56
89
100
93
70
78
100
100
78
83
100
100
100
81
100
100
100
80
100
100
83
100
80
100
68
99
65
76
100
100
100
100
60
100
53
100
82
100
75
100
78
100
73
100
81
97
70
76
100
77
94
73
93
79
79
58
76
100
98
99
100
100
100
90
100
75
96
100
70
60
66
61
100
80
100
100
82
78
100
67
85
100
89
100
100
81
100
100
67
100
88
100
68
50
100
100
83
60
74
100
83
85
100
77
70
93
100
100
100
100
93
70
100
96
100
100
100
75
92
79
99
72
82
82
99
100
72
100
100
69
97
100
76
96
100
100
100
100
92
39
100
100
100
67
95
100
100
100
100
88
100
78
70
100
100
58
65
90
100
75
100
67
100
100
100
71
66
96
100
76
100
100
72
78
91
100
100
62
90
100
69
100
100
100
100
100
100
100
76
100
100
68
97
100
100
72
100
100
100
78
80
100
100
60
73
66
100
57
100
95
69
66
91
60
100
61
86
100
100
100
79
62
100
65
75
87
66
100
80
77
73
86
100
100
66
100
100
90
100
81
75
95
61
100
100
100
82
69
85
80
83
74
79
100
85
100
65
100
57
100
84
93
66
68
90
91
100
90
94
62
100
100
100
100
80
91
100
100
87
100
63
88
80
49
100
80
66
78
84
78
77
70
100
79
100
86
81
100
70
67
100
100
100
91
100
72
100
100
100
56
80
66
100
61
75
75
100
59
100
78
84
64
84
88
89
51
57
78
100
93
70
67
68
100
98
80
98
87
99
70
98
79
100
69
98
93
100
65
95
86
95
100
78
97
94
83
100
80
100
100
100
79
96
96
83
100
100
98
71
100
70
100
99
100
100
100
100
80
100
88
76
68
100
100
100
100
86
75
77
100
66
100
77
82
85
74
100
91
82
84
92
100
68
100
100
77
81
99
100
100
100
68
100
100
90
100
100
100
100
86
100
100
81
86
100
100
79
100
100
64
100
100
100
100
100
66
81
74
100
100
86
80
100
100
74
78
100
98
86
68
100
100
100
100
100
68
61
100
87
100
77
100
87
100
100
96
87
80
66
89
100
66
87
100
81
100
100
81
82
92
100
57
93
100
75
83
67
88
87
72
98
95
76
100
88
87
99
81
64
82
78
68
99
91
77
100
100
84
55
80
65
100
96
93
100
49
71
93
100
68
75
100
95
80
62
90
83
63
94
75
77
61
100
100
59
84
96
61
98
80
58
64
62
100
100
100
81
100
100
100
95
67
100
100
100
68
71
100
100
49
97
100
100
71
67
69
66
100
100
100
68
100
74
100
78
100
79
87
71
100
91
77
69
55
81
100
-36
82
68
100
72
100
100
85
74
88
54
68
95
78
100
100
63
87
62
82
100
63
76
71
100
80
99
94
78
100
83
85
100
88
88
73
73
66
84
78
64
99
86
100
74
66
100
69
53
74
92
100
70
96
71
90
82
76
61
75
73
100
68
100
72
86
100
61
100
81
66
100
57
93
67
86
62
74
100
89
87
100
100
62
100
100
100
63
79
100
100
90
72
100
100
89
100
84
100
82
96
98
58
90
63
100
85
97
100
93
90
93
63
100
88
92
99
89
97
100
95
100
100
79
100
100
79
62
91
87
90
91
81
87
100
97
