-0.3
-0.3
0.43999999999999995
-0.3
-0.3
-0.3
0.58
-0.3
-0.3
-0.3
-0.3
-0.3
-0.3
-0.3
-0.3
-0.3
-0.3
-0.3
-0.3
-0.3
-0.3
-0.3
-0.3
-0.3
-0.3
0.6699999999999999
0.37
0.3
-0.3
0.72
-0.3
1.16
0.8599999999999999
-0.3
0.3
-0.3
0.81
0.51
-0.3
0.6
0.3
-0.3
0.3
0.51
0.6
0.51
-0.3
-0.3
-0.3
-0.3
-0.3
-0.3
0.58
-0.3
-0.3
-0.3
-0.3
-0.3
-0.3
-0.3
-0.3
-0.3
-0.3
-0.3
-0.3
-0.3
0.81
1.0
1.0899999999999999
0.6699999999999999
0.81
-0.3
1.0
-0.3
1.2999999999999998
-0.3
0.81
0.6
0.6
0.3
0.3
0.3
0.6
-0.3
-0.3
-0.3
1.2999999999999998
0.81
1.0
1.2999999999999998
-0.3
1.0
-0.3
1.2999999999999998
0.6699999999999999
1.2999999999999998
-0.3
-0.3
-0.3
1.0
-0.3
-0.3
-0.3
-0.3
-0.3
-0.3
1.0899999999999999
1.0899999999999999
-0.3
-0.3
0.3
0.8799999999999999
1.0
1.2999999999999998
1.0
0.3
1.2999999999999998
-0.32
1.2999999999999998
0.39999999999999997
1.0
1.0
0.37
0.43999999999999995
-0.3
1.0
1.16
-0.3
-0.3
-0.3
-0.3
-0.3
-0.3
-0.3
-0.3
-0.3
-0.3
-0.3
-0.3
-0.3
-0.3
-0.3
-0.3
-0.3
-0.3
-0.3
-0.3
-0.3
-0.3
-0.3
-0.3
-0.3
-0.3
-0.3
-0.3
-0.3
-0.3
-0.3
-0.3
-0.3
-0.3
-0.3
0.6699999999999999
-0.3
-0.3
1.2999999999999998
-0.3
1.02
0.51
-0.3
-0.3
0.81
0.6
0.3
0.58
0.6
1.0
-0.3
-0.3
-0.3
-0.3
-0.3
1.0
-0.3
-0.3
-0.3
0.51
-0.3
-0.3
-0.3
-0.3
-0.3
-0.3
1.0
-0.3
-0.3
-0.3
-0.3
-0.3
-0.3
-0.3
-0.3
1.2999999999999998
1.0
-0.3
-0.3
0.81
-0.3
-0.3
-0.3
0.6
-0.3
-0.3
1.2999999999999998
1.0
-0.3
-0.3
-0.3
0.74
0.81
0.3
0.6
1.0
1.0
-0.3
-0.3
1.0
-0.3
-0.3
0.6499999999999999
-0.3
1.2999999999999998
1.0
1.0
1.0
1.2999999999999998
0.6
1.2999999999999998
-0.3
0.6
0.81
-0.3
0.6
1.0
-0.3
-0.3
-0.3
1.0
-0.3
-0.3
1.0
1.0
1.2999999999999998
-0.3
1.0
-0.3
1.2999999999999998
-0.3
0.74
1.2999999999999998
-0.3
0.74
-0.3
0.3
-0.3
-0.3
0.3
1.0
-0.3
0.51
1.0899999999999999
0.3
0.58
-0.3
0.3
0.6
1.5999999999999999
0.09999999999999998
1.2999999999999998
1.0899999999999999
0.58
1.0
-0.3
1.2999999999999998
-0.3
1.0
-0.3
-0.3
1.2999999999999998
-0.3
-0.3
-0.3
0.6
-0.3
1.2999999999999998
-0.3
-0.3
1.2999999999999998
0.81
-0.3
0.3
-0.3
0.74
1.0
-0.3
-0.3
1.0
-0.3
1.0
1.16
-0.3
-0.3
1.0
-0.3
1.2999999999999998
-0.3
0.6
1.2999999999999998
-0.3
-0.3
1.2999999999999998
-0.3
0.51
-0.3
-0.3
0.81
0.3
-0.3
0.3
-0.3
-0.3
0.6
1.0
-0.3
-0.3
-0.3
1.0
-0.3
1.0
-0.3
1.2999999999999998
1.0
1.5999999999999999
0.09999999999999998
1.0
1.2999999999999998
-0.3
1.0
-0.3
-0.3
1.0
-0.3
-0.3
-0.3
-0.3
-0.3
1.16
0.6
0.6699999999999999
-0.3
-0.3
-0.3
1.2999999999999998
0.81
0.3
0.6
-0.3
-0.3
0.37
-0.3
-0.3
-0.3
1.0
-0.3
-0.3
-0.3
-0.3
-0.3
-0.3
1.0
-0.3
1.2999999999999998
1.2999999999999998
-0.3
-0.3
-0.3
-0.3
-0.3
-0.3
-0.3
-0.3
-0.3
-0.3
-0.3
-0.3
-0.3
-0.3
-0.3
-0.3
-0.3
-0.3
-0.3
-0.3
-0.3
-0.3
-0.3
-0.3
-0.3
0.6
0.6
1.2999999999999998
0.81
0.6
0.3
0.3
-0.3
-0.3
0.6
-0.3
-0.3
-0.3
-0.3
1.0
-0.3
-0.3
-0.3
1.0
1.2999999999999998
1.0
-0.3
-0.3
-0.3
1.2999999999999998
-0.3
-0.3
-0.3
0.6
-0.3
1.0
-0.3
-0.3
-0.3
-0.3
-0.3
-0.3
-0.3
-0.3
1.2999999999999998
0.8799999999999999
0.81
0.6
-0.3
1.0
-0.3
1.2999999999999998
1.02
-0.3
-0.3
-0.3
-0.3
-0.3
-0.3
-0.3
-0.3
-0.3
-0.3
-0.3
-0.3
-0.3
-0.3
-0.3
0.6
1.23
0.74
0.8799999999999999
-0.3
0.6
-0.3
1.2999999999999998
1.0
-0.3
1.0
1.2999999999999998
1.0
1.2999999999999998
-0.3
-0.3
-0.3
-0.3
-0.3
-0.3
-0.3
-0.3
0.6
1.2999999999999998
-0.3
-0.3
-0.3
1.2999999999999998
0.81
0.3
-0.3
-0.3
-0.3
-0.3
-0.3
0.9299999999999999
0.6
-0.3
-0.3
1.0
-0.3
-0.3
1.0
-0.3
-0.3
1.0
-0.3
1.2999999999999998
1.2999999999999998
0.6
1.2999999999999998
1.0
1.0
-0.3
-0.3
-0.3
-0.3
0.6699999999999999
0.51
-0.3
-0.3
0.51
0.81
0.3
-0.3
-0.3
0.3
0.6
-0.3
1.0
1.2999999999999998
1.0
-0.3
-0.3
-0.3
-0.3
1.0
-0.3
1.2999999999999998
0.6
-0.3
1.2999999999999998
1.2999999999999998
0.51
-0.3
-0.3
0.51
0.81
0.3
-0.3
0.3
0.3
0.3
0.6
-0.3
1.0
1.0
-0.3
1.0
1.0899999999999999
1.0
-0.3
-0.3
1.0
-0.3
-0.3
1.2999999999999998
-0.3
0.6
1.2999999999999998
-0.3
1.2999999999999998
0.51
-0.3
0.51
0.81
-0.3
-0.3
0.3
0.6
-0.3
1.0
-0.3
1.0
1.2999999999999998
0.39999999999999997
1.0
1.0
1.0
-0.3
1.0
-0.3
-0.3
-0.3
-0.3
-0.3
-0.3
0.95
-0.3
-0.3
-0.3
0.6
1.0
-0.3
1.0
1.02
-0.3
1.0
-0.3
-0.3
-0.3
1.2999999999999998
0.95
0.3
-0.3
0.6
1.0
0.7899999999999999
1.0
-0.3
0.6699999999999999
-0.3
0.7899999999999999
-0.3
1.0
1.0
-0.3
1.2999999999999998
0.6
1.2999999999999998
1.0
1.2999999999999998
0.81
-0.3
-0.3
0.6
1.0
-0.3
-0.3
-0.3
0.8599999999999999
-0.3
-0.3
-0.3
-0.3
-0.3
-0.3
-0.3
-0.3
-0.3
1.2999999999999998
1.2999999999999998
-0.3
-0.3
-0.3
-0.3
-0.3
1.2999999999999998
-0.3
-0.3
1.2999999999999998
-0.3
-0.3
-0.3
-0.3
1.2999999999999998
0.81
0.6
1.0
-0.3
1.0
-0.3
-0.3
1.2999999999999998
-0.3
-0.3
1.0
1.02
1.2999999999999998
1.0
-0.3
-0.3
-0.3
1.0
1.2999999999999998
1.0
-0.3
1.0
-0.3
1.2999999999999998
0.81
0.3
1.02
-0.3
-0.3
-0.3
-0.3
-0.3
-0.3
-0.3
1.2999999999999998
-0.3
1.2999999999999998
-0.3
-0.3
-0.3
1.2999999999999998
-0.3
1.2999999999999998
-0.3
-0.3
-0.3
-0.3
1.2999999999999998
0.81
0.3
0.6
-0.3
1.0
-0.3
0.3
1.0
-0.3
-0.3
-0.3
-0.3
-0.3
1.0
-0.3
1.0
-0.3
1.2999999999999998
1.0
0.6699999999999999
-0.3
-0.3
-0.3
-0.3
-0.3
-0.3
-0.3
-0.3
1.2999999999999998
1.0
-0.3
-0.3
0.3
-0.3
-0.3
-0.3
1.2999999999999998
-0.3
1.0
-0.3
-0.3
1.0
0.37
0.74
-0.3
0.6699999999999999
0.6
1.0
-0.3
-0.3
-0.3
1.0
-0.3
1.0
1.0
1.2999999999999998
-0.3
1.0
-0.3
1.0
0.6
1.2999999999999998
-0.3
1.02
-0.3
1.0
-0.3
-0.3
-0.3
-0.3
1.2999999999999998
0.81
-0.3
0.6
1.0
-0.3
0.81
-0.3
-0.3
-0.3
-0.3
1.0
1.0
-0.3
1.0
-0.3
1.2999999999999998
-0.3
-0.3
-0.3
-0.3
-0.3
1.23
-0.3
-0.3
-0.3
-0.3
-0.3
-0.3
-0.3
-0.3
1.02
1.2999999999999998
0.51
0.81
0.6
-0.3
0.3
-0.3
-0.3
0.3
-0.3
-0.3
-0.3
0.3
-0.3
-0.3
-0.3
0.6
-0.3
-0.3
-0.3
1.2999999999999998
-0.3
1.0
1.2999999999999998
-0.3
-0.3
-0.3
-0.3
-0.3
-0.3
0.6
1.2999999999999998
-0.3
-0.3
-0.3
-0.3
-0.3
1.2999999999999998
0.81
0.3
0.43999999999999995
-0.3
-0.3
0.6
-0.3
-0.3
-0.3
1.0
-0.3
-0.3
-0.3
-0.3
1.2999999999999998
-0.3
1.0
-0.3
-0.3
1.2999999999999998
0.6
1.0
1.2999999999999998
0.37
1.0
-0.3
1.2999999999999998
0.51
0.81
0.3
-0.3
0.3
0.3
0.6
-0.3
-0.3
-0.3
-0.3
1.0
-0.3
-0.3
-0.3
-0.3
-0.3
-0.3
-0.3
-0.3
-0.3
-0.3
1.2999999999999998
1.0
0.95
-0.3
0.6
-0.3
1.0
-0.3
-0.3
-0.3
-0.3
-0.3
1.2999999999999998
-0.3
1.2999999999999998
0.81
-0.3
0.3
-0.3
-0.3
-0.3
0.6
1.0
-0.3
-0.3
1.0
-0.3
-0.3
-0.3
-0.3
-0.3
-0.3
-0.3
1.0
-0.3
1.0
-0.3
1.0
-0.3
1.2999999999999998
-0.3
1.2999999999999998
-0.3
0.6
1.0
1.2999999999999998
-0.3
1.0
1.2999999999999998
0.51
-0.3
-0.3
-0.3
-0.3
0.51
-0.3
0.81
-0.3
-0.3
0.3
0.6
1.0
-0.3
-0.3
1.0
-0.3
1.2999999999999998
1.0
1.0
1.2999999999999998
-0.3
-0.3
-0.3
0.6
1.0
1.2999999999999998
1.0
-0.3
-0.3
-0.3
-0.3
-0.3
-0.3
-0.3
-0.3
0.74
0.81
0.6
-0.3
-0.3
-0.3
0.51
-0.3
-0.3
1.2999999999999998
-0.3
1.0
1.2999999999999998
-0.3
-0.3
-0.3
-0.3
-0.3
-0.3
-0.3
-0.3
-0.3
-0.3
0.6
-0.3
-0.3
1.2999999999999998
1.2999999999999998
-0.3
0.81
0.3
0.3
-0.3
-0.3
-0.3
0.6
1.0
-0.3
-0.3
-0.3
-0.3
1.0
0.8599999999999999
1.2999999999999998
1.0
1.2999999999999998
0.6
1.2999999999999998
1.0
-0.3
-0.3
1.0
-0.3
-0.3
1.2999999999999998
0.81
0.3
0.6
-0.3
1.0
-0.3
1.2999999999999998
1.0
-0.3
-0.3
1.2999999999999998
0.6
1.0
-0.3
-0.3
0.6699999999999999
-0.3
-0.3
-0.3
-0.3
1.2999999999999998
0.51
0.81
0.3
0.6
0.43999999999999995
-0.3
1.0
1.0
1.0
-0.3
1.0
-0.3
-0.3
1.2999999999999998
-0.3
1.0
-0.3
1.0
-0.3
-0.3
-0.3
1.0
-0.3
1.2999999999999998
0.6
-0.3
-0.3
-0.3
1.2999999999999998
1.0899999999999999
0.81
0.6
1.0
-0.3
1.0
-0.3
1.2999999999999998
1.2999999999999998
0.6
1.2999999999999998
1.2999999999999998
0.81
0.3
0.3
-0.3
-0.3
-0.3
-0.3
-0.3
-0.3
-0.3
-0.3
-0.3
-0.3
-0.3
0.3
-0.3
0.6
-0.3
1.0
-0.3
-0.3
-0.3
1.0
-0.3
1.0
1.2999999999999998
1.2999999999999998
0.6
1.2999999999999998
-0.3
-0.3
-0.3
1.2999999999999998
0.51
0.81
0.58
0.3
-0.3
-0.3
0.3
0.6
1.0
1.02
-0.3
-0.3
-0.3
1.0
1.0
-0.3
1.2999999999999998
-0.3
-0.3
0.3
0.6
1.2999999999999998
1.0
-0.3
-0.3
-0.3
-0.3
-0.3
-0.3
-0.3
1.2999999999999998
-0.3
0.81
0.3
-0.3
0.3
0.3
0.6
1.2999999999999998
1.0
-0.3
-0.3
-0.3
-0.3
-0.3
-0.3
-0.3
-0.3
-0.3
-0.3
-0.3
-0.3
1.2999999999999998
0.6
1.0
-0.3
-0.3
-0.3
-0.3
-0.3
-0.3
1.2999999999999998
-0.3
1.2999999999999998
-0.3
-0.3
-0.3
-0.3
-0.3
-0.3
0.81
0.3
0.6
1.0
-0.3
-0.3
1.0
0.58
-0.3
1.2999999999999998
-0.3
-0.3
1.0
-0.3
1.2999999999999998
0.6
-0.3
-0.3
-0.3
-0.3
-0.3
-0.3
-0.3
-0.3
-0.3
1.2999999999999998
-0.3
0.95
-0.3
0.51
0.81
0.3
0.3
0.6
0.39999999999999997
1.0
1.0
1.0
1.0
-0.3
-0.3
-0.3
-0.3
-0.3
-0.3
-0.3
-0.3
-0.3
-0.3
-0.3
-0.3
-0.3
-0.3
-0.3
-0.3
1.23
-0.3
1.0
-0.3
-0.3
-0.3
-0.3
1.2999999999999998
-0.3
0.6
1.0
-0.3
-0.3
-0.3
-0.3
-0.3
1.2999999999999998
1.0
-0.3
-0.3
-0.3
1.2999999999999998
0.51
-0.3
-0.3
-0.3
-0.3
-0.3
-0.3
0.51
-0.3
0.81
-0.3
0.6
-0.3
1.0
0.74
-0.3
1.0
-0.3
1.0
-0.3
-0.3
-0.3
-0.3
1.2999999999999998
-0.3
-0.3
0.81
-0.3
-0.3
1.2999999999999998
1.2999999999999998
0.51
0.51
-0.3
0.51
0.81
0.3
0.3
-0.3
-0.3
-0.3
-0.3
-0.3
-0.3
0.3
0.6
1.0
-0.3
-0.3
1.0
-0.3
0.6
1.2999999999999998
0.81
-0.3
1.2999999999999998
-0.3
0.6699999999999999
-0.3
0.81
1.0
0.3
0.3
0.6
-0.3
-0.3
-0.3
-0.3
1.0
1.2999999999999998
1.0
-0.3
1.0
-0.3
-0.3
-0.3
1.2999999999999998
0.7899999999999999
-0.3
1.0
-0.3
1.2999999999999998
0.81
-0.3
1.2999999999999998
1.2999999999999998
0.81
0.3
0.6
1.0
-0.3
-0.3
-0.3
-0.3
1.2999999999999998
-0.3
-0.3
