id,count,mean,std,min,25%,50%,75%,max
0,34.0,18.88235294117647,24.35689772986644,7.0,7.0,7.0,21.0,110.0
1,45.0,11.933333333333334,16.18276299591075,7.0,7.0,7.0,7.0,110.0
2,54.0,14.092592592592593,16.005032838782622,7.0,7.0,7.0,14.0,110.0
3,34.0,13.941176470588236,18.24071565659868,7.0,7.0,7.0,14.0,110.0
4,26.0,21.192307692307693,24.634965769441173,7.0,7.0,7.0,21.0,110.0
5,32.0,12.84375,18.571760343544835,7.0,7.0,7.0,14.0,110.0
6,10.0,20.8,31.70629099861554,7.0,7.0,10.5,14.0,110.0
7,32.0,19.1875,23.804902585324186,7.0,7.0,7.0,21.0,110.0
8,40.0,19.2,22.529980026622304,7.0,7.0,7.0,21.0,110.0
9,27.0,13.666666666666666,21.224079213514504,7.0,7.0,7.0,7.0,110.0
10,13.0,16.53846153846154,28.67523723998165,7.0,7.0,7.0,7.0,110.0
11,13.0,22.46153846153846,28.797035103795512,7.0,7.0,14.0,14.0,110.0
12,19.0,17.210526315789473,23.857397984618753,7.0,7.0,7.0,14.0,110.0
13,34.0,15.176470588235293,18.36411287569399,7.0,7.0,7.0,14.0,110.0
14,41.0,17.024390243902438,20.659728706928906,7.0,7.0,7.0,14.0,110.0
15,15.0,20.4,25.89208373229161,7.0,7.0,14.0,21.0,110.0
16,23.0,14.521739130434783,22.13362223409402,7.0,7.0,7.0,7.0,110.0
17,39.0,13.948717948717949,17.59477900722514,7.0,7.0,7.0,14.0,110.0
18,39.0,12.871794871794872,17.18656067240589,7.0,7.0,7.0,14.0,110.0
19,42.0,18.952380952380953,23.37181164477099,7.0,7.0,7.0,19.25,110.0
20,34.0,17.441176470588236,23.147997068233458,7.0,7.0,7.0,21.0,110.0
21,36.0,13.36111111111111,17.50126979520185,7.0,7.0,7.0,14.0,110.0
22,19.0,15.736842105263158,24.24376690859176,7.0,7.0,7.0,14.0,110.0
23,29.0,14.89655172413793,20.132320900174086,7.0,7.0,7.0,14.0,110.0
24,43.0,24.046511627906977,23.002022155797825,7.0,7.0,14.0,31.5,110.0
25,19.0,24.57894736842105,28.17862820861403,7.0,7.0,7.0,35.0,110.0
26,24.0,14.5,21.350084003500356,7.0,7.0,7.0,14.0,110.0
27,39.0,21.128205128205128,23.701187497653372,7.0,7.0,14.0,24.5,110.0
28,46.0,18.52173913043478,20.57802401747476,7.0,7.0,7.0,21.0,110.0
29,37.0,14.324324324324325,17.77022174258894,7.0,7.0,7.0,14.0,110.0
30,24.0,19.166666666666668,22.088097653963196,7.0,7.0,7.0,28.0,110.0
31,13.0,23.0,31.016124838541646,7.0,7.0,7.0,14.0,110.0
32,28.0,17.178571428571427,20.399806773646567,7.0,7.0,10.5,21.0,110.0
33,7.0,23.714285714285715,38.40448882493766,7.0,7.0,7.0,14.0,110.0
34,38.0,20.57894736842105,21.48366013779016,7.0,7.0,14.0,21.0,110.0
35,11.0,20.181818181818183,30.63272166105448,7.0,7.0,7.0,17.5,110.0
36,28.0,23.428571428571427,26.889938324004813,7.0,7.0,14.0,28.0,145.0
37,39.0,13.76923076923077,18.94932513513141,7.0,7.0,7.0,14.0,117.0
38,57.0,14.333333333333334,16.517667309076465,7.0,7.0,7.0,14.0,124.0
39,48.0,13.8125,16.095005502566924,7.0,7.0,14.0,14.0,117.0
40,28.0,27.678571428571427,27.444291818867423,7.0,7.0,17.5,36.75,124.0
41,39.0,12.871794871794872,18.327688985132916,7.0,7.0,7.0,14.0,117.0
42,14.0,18.857142857142858,36.75879202597375,7.0,7.0,7.0,7.0,145.0
43,44.0,19.363636363636363,23.155782751646246,7.0,7.0,14.0,21.0,131.0
44,35.0,21.142857142857142,25.39122458083276,7.0,7.0,7.0,24.5,138.0
45,32.0,15.25,23.965028283838127,7.0,7.0,7.0,14.0,131.0
46,9.0,23.11111111111111,38.47546115527546,7.0,7.0,7.0,14.0,124.0
47,19.0,16.842105263157894,26.211242621556156,7.0,7.0,7.0,7.0,117.0
48,24.0,16.833333333333332,25.13038463462225,7.0,7.0,7.0,15.75,131.0
49,37.0,16.972972972972972,22.535757372681317,7.0,7.0,14.0,14.0,138.0
50,33.0,18.818181818181817,25.796625924545037,7.0,7.0,14.0,14.0,145.0
51,20.0,18.8,26.36504863400946,7.0,7.0,7.0,17.5,124.0
52,32.0,12.625,19.649755805755106,7.0,7.0,7.0,8.75,117.0
53,31.0,14.387096774193548,21.64513404802542,7.0,7.0,7.0,14.0,124.0
54,35.0,15.942857142857143,21.1645414579681,7.0,7.0,7.0,14.0,117.0
55,43.0,23.232558139534884,27.355540232197,7.0,7.0,7.0,28.0,145.0
56,35.0,25.142857142857142,28.284419798916588,7.0,7.0,14.0,28.0,138.0
57,44.0,13.636363636363637,17.520872481581964,7.0,7.0,7.0,14.0,117.0
58,22.0,16.772727272727273,26.91597475421793,7.0,7.0,7.0,7.0,124.0
59,27.0,16.77777777777778,27.386596010195227,7.0,7.0,7.0,14.0,145.0
60,38.0,28.31578947368421,27.495557639379253,7.0,7.0,21.0,40.25,138.0
61,15.0,27.4,37.71471861223414,7.0,7.0,7.0,21.0,131.0
62,41.0,14.121951219512194,17.725962769270417,7.0,7.0,7.0,14.0,117.0
63,38.0,29.789473684210527,29.123370289387907,7.0,7.0,21.0,47.25,138.0
64,39.0,27.41025641025641,27.319472473829233,7.0,7.0,14.0,35.0,124.0
65,32.0,18.53125,24.662867968904447,7.0,7.0,10.5,22.75,145.0
66,28.0,19.928571428571427,24.63049686184539,7.0,7.0,14.0,21.0,131.0
67,20.0,19.5,25.752874136992737,7.0,7.0,10.5,15.75,117.0
68,36.0,14.333333333333334,23.757104200638594,7.0,7.0,7.0,8.75,145.0
69,10.0,25.7,38.05566098931055,7.0,7.0,7.0,22.75,124.0
70,39.0,20.58974358974359,27.674535082595096,7.0,7.0,7.0,21.0,166.0
71,9.0,29.333333333333332,49.42924235713106,7.0,7.0,7.0,28.0,159.0
72,25.0,28.48,30.616063321944797,7.0,14.0,21.0,35.0,159.0
73,33.0,14.363636363636363,21.248261961008396,7.0,7.0,7.0,14.0,124.0
74,57.0,14.824561403508772,17.564292925276334,7.0,7.0,7.0,14.0,131.0
75,57.0,13.964912280701755,18.736866745499277,7.0,7.0,7.0,14.0,145.0
76,32.0,26.40625,32.55651104295917,7.0,7.0,10.5,35.0,159.0
77,42.0,13.285714285714286,20.66608593841459,7.0,7.0,7.0,14.0,138.0
78,15.0,20.866666666666667,44.387685980085365,7.0,7.0,7.0,10.5,180.0
79,47.0,22.148936170212767,30.406648817683347,7.0,7.0,14.0,21.0,152.0
80,36.0,28.916666666666668,37.71272994626615,7.0,7.0,14.0,28.0,180.0
81,31.0,20.93548387096774,34.687111423765614,7.0,7.0,7.0,14.0,159.0
82,19.0,20.157894736842106,32.72997803220015,7.0,7.0,7.0,14.0,145.0
83,17.0,23.764705882352942,36.85703700069484,7.0,7.0,7.0,21.0,152.0
84,32.0,21.59375,32.242888063031224,7.0,7.0,14.0,21.0,180.0
85,29.0,18.517241379310345,30.236709819185933,7.0,7.0,7.0,21.0,166.0
86,31.0,21.612903225806452,34.01242657162706,7.0,7.0,7.0,21.0,173.0
87,14.0,22.357142857142858,40.21788186836823,7.0,7.0,7.0,19.25,159.0
88,34.0,14.147058823529411,22.887249795651645,7.0,7.0,7.0,14.0,138.0
89,33.0,15.848484848484848,26.963078009707566,7.0,7.0,7.0,14.0,159.0
90,37.0,19.43243243243243,25.520732901071,7.0,7.0,7.0,21.0,138.0
91,38.0,27.026315789473685,33.50714876697473,7.0,7.0,14.0,28.0,180.0
92,37.0,24.35135135135135,29.735142149965903,7.0,7.0,14.0,28.0,166.0
93,41.0,18.048780487804876,23.308744302849302,7.0,7.0,7.0,21.0,145.0
94,17.0,23.764705882352942,39.2707419903239,7.0,7.0,7.0,14.0,152.0
95,26.0,20.653846153846153,39.01788544520814,7.0,7.0,7.0,14.0,194.0
96,36.0,28.13888888888889,33.69709845735156,7.0,7.0,17.5,35.0,173.0
97,15.0,29.733333333333334,47.487542226005615,7.0,7.0,7.0,17.5,159.0
98,40.0,13.6,23.040432688244778,7.0,7.0,7.0,14.0,152.0
99,40.0,28.475,31.27708057397253,7.0,7.0,14.0,36.75,152.0
100,44.0,26.522727272727273,30.311168128583212,7.0,7.0,14.0,35.0,159.0
101,42.0,15.285714285714286,26.453166820689077,7.0,7.0,7.0,14.0,173.0
102,21.0,25.904761904761905,36.48548308835277,7.0,7.0,7.0,35.0,159.0
103,13.0,30.53846153846154,39.44746587681602,7.0,7.0,21.0,28.0,152.0
104,36.0,15.694444444444445,29.0613336086132,7.0,7.0,7.0,14.0,180.0
105,6.0,51.0,54.62233975215635,7.0,28.0,31.5,45.5,159.0
106,34.0,30.823529411764707,37.04008523800266,7.0,7.0,14.0,45.5,180.0
107,11.0,38.63636363636363,49.58078806810704,7.0,7.0,14.0,56.0,173.0
108,25.0,29.6,39.874804074753776,7.0,7.0,14.0,42.0,173.0
109,34.0,16.205882352941178,27.23943154722658,7.0,7.0,7.0,14.0,159.0
