id,count,mean,std,min,25%,50%,75%,max
0,30.0,15.1,19.295077092357005,7.0,7.0,10.5,14.0,110.0
1,37.0,15.27027027027027,18.66167887030152,7.0,7.0,7.0,14.0,110.0
2,31.0,13.709677419354838,19.256502881515285,7.0,7.0,7.0,14.0,110.0
3,38.0,14.31578947368421,17.376755619112927,7.0,7.0,7.0,14.0,110.0
4,32.0,15.46875,20.102935710824635,7.0,7.0,7.0,14.0,110.0
5,30.0,14.633333333333333,19.404022571467568,7.0,7.0,7.0,14.0,110.0
6,14.0,15.857142857142858,27.394151938681368,7.0,7.0,7.0,7.0,110.0
7,44.0,14.272727272727273,18.48992640427533,7.0,7.0,7.0,14.0,110.0
8,35.0,22.142857142857142,28.095575177202107,7.0,7.0,7.0,21.0,119.0
9,38.0,12.657894736842104,18.03791249950979,7.0,7.0,7.0,7.0,110.0
10,6.0,27.666666666666668,40.72182052249957,7.0,7.0,10.5,19.25,110.0
11,17.0,15.529411764705882,24.950244605661744,7.0,7.0,7.0,7.0,110.0
12,15.0,14.333333333333334,26.526716092774596,7.0,7.0,7.0,7.0,110.0
13,35.0,12.742857142857142,18.557292616211488,7.0,7.0,7.0,10.5,110.0
14,34.0,16.823529411764707,19.133455687870782,7.0,7.0,7.0,21.0,110.0
15,11.0,17.0,30.9160152671718,7.0,7.0,7.0,7.0,110.0
16,26.0,16.076923076923077,22.12676763908019,7.0,7.0,7.0,14.0,110.0
17,36.0,18.416666666666668,21.518596608515157,7.0,7.0,14.0,21.0,110.0
18,42.0,13.952380952380953,17.494183536462433,7.0,7.0,7.0,14.0,110.0
19,41.0,18.902439024390244,22.708814233738384,7.0,7.0,7.0,21.0,110.0
20,38.0,14.868421052631579,17.77208721355011,7.0,7.0,7.0,14.0,110.0
21,42.0,18.785714285714285,29.322875207812785,7.0,7.0,7.0,14.0,168.0
22,17.0,18.0,25.75121356363618,7.0,7.0,7.0,14.0,110.0
23,34.0,16.0,20.36485385970822,7.0,7.0,7.0,14.0,110.0
24,47.0,18.127659574468087,18.854842557857417,7.0,7.0,7.0,21.0,110.0
25,19.0,14.263157894736842,23.626355587829728,7.0,7.0,7.0,7.0,110.0
26,29.0,15.620689655172415,20.896708204717395,7.0,7.0,7.0,14.0,110.0
27,40.0,17.45,18.76842684280827,7.0,7.0,10.5,21.0,110.0
28,45.0,19.08888888888889,20.27966090605675,7.0,7.0,7.0,21.0,110.0
29,33.0,12.454545454545455,18.498464309725332,7.0,7.0,7.0,7.0,110.0
30,24.0,15.666666666666666,22.26650177844008,7.0,7.0,7.0,14.0,110.0
31,12.0,24.916666666666668,29.540290924071616,7.0,7.0,10.5,35.0,110.0
32,25.0,14.48,21.38363860525144,7.0,7.0,7.0,14.0,110.0
33,9.0,18.444444444444443,34.33333333333333,7.0,7.0,7.0,7.0,110.0
34,42.0,16.285714285714285,18.08285229266466,7.0,7.0,7.0,19.25,110.0
35,10.0,20.1,32.790411877729,7.0,7.0,7.0,7.0,110.0
36,35.0,17.34285714285714,25.13135240987997,7.0,7.0,7.0,14.0,145.0
37,42.0,14.452380952380953,18.238531152015582,7.0,7.0,7.0,14.0,117.0
38,32.0,16.78125,22.2590820536465,7.0,7.0,7.0,14.0,117.0
39,52.0,13.961538461538462,17.598976728788877,7.0,7.0,7.0,14.0,131.0
40,30.0,20.466666666666665,24.669866210633867,7.0,7.0,14.0,21.0,138.0
41,35.0,14.542857142857143,20.383590368296776,7.0,7.0,7.0,14.0,117.0
42,15.0,16.2,30.07656895325662,7.0,7.0,7.0,7.0,124.0
43,34.0,17.852941176470587,24.970445989319572,7.0,7.0,7.0,21.0,145.0
44,37.0,21.7027027027027,25.522174307479787,7.0,7.0,14.0,28.0,131.0
45,23.0,23.652173913043477,31.590574969086433,7.0,7.0,14.0,21.0,138.0
46,13.0,17.076923076923077,32.358568001024445,7.0,7.0,7.0,7.0,124.0
47,18.0,17.77777777777778,27.569282897404573,7.0,7.0,7.0,14.0,124.0
48,22.0,22.5,29.100400913618586,7.0,7.0,14.0,21.0,131.0
49,40.0,15.875,22.789097145739422,7.0,7.0,7.0,21.0,145.0
50,34.0,20.11764705882353,24.625393035943365,7.0,7.0,14.0,21.0,131.0
51,18.0,15.444444444444445,27.48951077437318,7.0,7.0,7.0,7.0,124.0
52,33.0,16.272727272727273,23.771401840332125,7.0,7.0,7.0,14.0,117.0
53,31.0,19.35483870967742,30.9962883660789,7.0,7.0,7.0,14.0,133.0
54,24.0,18.875,24.635274285674896,7.0,7.0,7.0,14.0,117.0
55,45.0,20.488888888888887,23.891442193827693,7.0,7.0,14.0,28.0,145.0
56,38.0,16.342105263157894,24.3724216274998,7.0,7.0,7.0,14.0,138.0
57,41.0,21.463414634146343,35.605545608076,7.0,7.0,7.0,21.0,210.0
58,22.0,18.363636363636363,28.26497993823967,7.0,7.0,7.0,14.0,124.0
59,29.0,20.20689655172414,30.979693015108214,7.0,7.0,7.0,14.0,145.0
60,40.0,22.35,24.152878471551556,7.0,7.0,14.0,31.5,145.0
61,16.0,17.375,32.43634792430656,7.0,7.0,7.0,14.0,138.0
62,39.0,14.846153846153847,18.448418077294757,7.0,7.0,7.0,14.0,117.0
63,42.0,20.61904761904762,22.065260612558284,7.0,7.0,10.5,26.25,124.0
64,43.0,18.348837209302324,21.769226555075438,7.0,7.0,7.0,24.5,138.0
65,42.0,15.119047619047619,21.676335732271834,7.0,7.0,7.0,14.0,145.0
66,30.0,18.6,24.9158584038359,7.0,7.0,7.0,14.0,131.0
67,8.0,30.375,37.67127552924111,7.0,7.0,17.5,28.0,117.0
68,29.0,14.655172413793103,24.555005108166213,7.0,7.0,7.0,14.0,138.0
69,8.0,22.5,41.08527716834828,7.0,7.0,7.0,8.75,124.0
70,36.0,22.88888888888889,27.357712704910924,7.0,7.0,10.5,35.0,152.0
71,10.0,21.5,36.631043301185585,7.0,7.0,7.0,12.25,124.0
72,31.0,21.612903225806452,27.80728611875532,7.0,7.0,14.0,28.0,159.0
73,43.0,14.767441860465116,19.89955396640878,7.0,7.0,7.0,14.0,124.0
74,32.0,18.53125,30.045110573183763,7.0,7.0,7.0,15.75,166.0
75,58.0,14.689655172413794,17.719259911430623,7.0,7.0,14.0,14.0,138.0
76,31.0,21.838709677419356,30.82217467364857,7.0,7.0,7.0,24.5,166.0
77,37.0,16.216216216216218,22.881500454801103,7.0,7.0,7.0,14.0,131.0
78,14.0,19.857142857142858,40.27187822568219,7.0,7.0,7.0,12.25,159.0
79,40.0,16.575,29.600664840073424,7.0,7.0,7.0,14.0,187.0
80,39.0,24.53846153846154,31.94802205709023,7.0,7.0,14.0,28.0,173.0
81,36.0,22.11111111111111,33.32333183288316,7.0,7.0,10.5,21.0,166.0
82,12.0,23.75,39.3125587150884,7.0,7.0,7.0,17.5,145.0
83,19.0,16.473684210526315,33.21540543023277,7.0,7.0,7.0,7.0,152.0
84,26.0,19.846153846153847,34.52731360264486,7.0,7.0,7.0,14.0,180.0
85,39.0,18.794871794871796,29.19641243929186,7.0,7.0,7.0,14.0,180.0
86,35.0,21.542857142857144,28.430868536052248,7.0,7.0,14.0,31.5,166.0
87,13.0,21.923076923076923,39.85486490267225,7.0,7.0,7.0,14.0,152.0
88,38.0,15.052631578947368,24.706873284214236,7.0,7.0,7.0,14.0,138.0
89,40.0,15.875,26.038617770239174,7.0,7.0,7.0,14.0,166.0
90,28.0,19.928571428571427,28.120018665275627,7.0,7.0,10.5,15.75,138.0
91,42.0,18.952380952380953,29.063389409167275,7.0,7.0,7.0,21.0,187.0
92,33.0,20.09090909090909,30.998350395992478,7.0,7.0,7.0,14.0,166.0
93,45.0,20.022222222222222,25.30315187776999,7.0,7.0,14.0,21.0,145.0
94,20.0,21.95,37.861902807578566,7.0,7.0,7.0,10.5,152.0
95,37.0,20.18918918918919,33.44633997401895,7.0,7.0,7.0,14.0,187.0
96,41.0,26.24390243902439,31.72284704105613,7.0,7.0,14.0,35.0,173.0
97,21.0,17.571428571428573,34.966514594067604,7.0,7.0,7.0,7.0,166.0
98,38.0,19.105263157894736,29.077519387194293,7.0,7.0,10.5,14.0,152.0
99,38.0,24.81578947368421,28.951828830026084,7.0,7.0,21.0,28.0,152.0
100,40.0,20.425,30.59653700867268,7.0,7.0,7.0,21.0,187.0
101,35.0,16.34285714285714,27.626652579947308,7.0,7.0,7.0,14.0,166.0
102,24.0,20.916666666666668,32.50941892499126,7.0,7.0,10.5,21.0,166.0
103,15.0,20.866666666666667,37.56682934007962,7.0,7.0,7.0,14.0,152.0
104,33.0,16.272727272727273,26.701208689019033,7.0,7.0,7.0,14.0,159.0
105,8.0,32.125,50.06121253026139,7.0,7.0,7.0,35.0,152.0
106,29.0,30.103448275862068,33.63495718486328,7.0,7.0,21.0,42.0,173.0
107,12.0,37.75,46.09303832270316,7.0,7.0,17.5,49.0,159.0
108,24.0,21.791666666666668,34.48500514296243,7.0,7.0,10.5,21.0,173.0
109,38.0,16.157894736842106,25.014078539450725,7.0,7.0,7.0,14.0,159.0
