id,count,mean,std,min,25%,50%,75%,max
0,24.0,106.83333333333333,141.17878479205834,7.0,14.0,31.5,150.5,469.0
1,42.0,45.714285714285715,43.981307400950065,7.0,14.0,31.5,61.25,203.0
2,48.0,37.666666666666664,29.627713689039798,7.0,19.25,28.0,49.0,170.0
3,43.0,49.372093023255815,38.93952775401143,7.0,28.0,42.0,59.5,196.0
4,16.0,165.0625,157.8782099172228,7.0,75.25,133.0,220.5,602.0
5,37.0,45.270270270270274,47.20737268728303,7.0,14.0,21.0,56.0,170.0
6,18.0,38.22222222222222,43.653118688609524,7.0,7.0,17.5,54.25,170.0
7,32.0,77.71875,102.47965474715835,7.0,7.0,28.0,119.0,434.0
8,24.0,111.79166666666667,169.1225383295038,7.0,7.0,35.0,124.25,595.0
9,29.0,68.62068965517241,104.52354956560316,7.0,7.0,35.0,77.0,413.0
10,9.0,32.111111111111114,55.74819379236525,7.0,7.0,7.0,7.0,170.0
11,15.0,55.2,110.63272571893003,7.0,10.5,14.0,28.0,427.0
12,23.0,71.0,95.77720358870752,7.0,10.5,35.0,87.5,427.0
13,37.0,27.864864864864863,37.59666220569333,7.0,7.0,14.0,21.0,170.0
14,29.0,52.689655172413794,72.58645261650604,7.0,14.0,28.0,77.0,322.0
15,17.0,42.94117647058823,47.863700478853616,7.0,7.0,28.0,63.0,170.0
16,38.0,41.5,33.73165166908262,7.0,14.0,35.0,54.25,170.0
17,38.0,52.73684210526316,57.665711490018666,7.0,15.75,35.0,70.0,322.0
18,38.0,37.26315789473684,30.293772627859497,7.0,14.0,35.0,52.5,170.0
19,24.0,118.20833333333333,176.0182745370903,7.0,7.0,42.0,168.5,742.0
20,29.0,52.44827586206897,68.26292980972102,7.0,7.0,28.0,56.0,308.0
21,34.0,49.26470588235294,41.12015565906852,7.0,21.0,35.0,77.0,170.0
22,18.0,77.5,118.4101794113804,7.0,7.0,31.5,54.25,392.0
23,29.0,51.241379310344826,62.10225161113254,7.0,7.0,28.0,77.0,273.0
24,24.0,119.66666666666667,151.69926389625846,7.0,26.25,70.0,141.75,651.0
25,24.0,48.208333333333336,59.11814197135196,7.0,14.0,21.0,56.0,245.0
26,38.0,42.973684210526315,44.31123757297841,7.0,14.0,31.5,49.0,175.0
27,24.0,110.33333333333333,159.8998780940522,7.0,12.25,66.5,141.75,602.0
28,21.0,141.76190476190476,191.72868975766374,7.0,7.0,56.0,175.0,700.0
29,37.0,30.513513513513512,33.075353043905345,7.0,7.0,21.0,42.0,170.0
30,19.0,121.3157894736842,140.36897909580188,7.0,35.0,49.0,169.0,476.0
31,11.0,109.0,99.43037765190275,7.0,10.5,126.0,183.0,259.0
32,39.0,37.38461538461539,34.35696159028908,7.0,10.5,28.0,49.0,170.0
33,8.0,80.75,124.0745743494613,7.0,7.0,7.0,110.75,350.0
34,23.0,99.91304347826087,145.1556885314643,7.0,10.5,35.0,133.0,588.0
35,15.0,50.06666666666667,56.728006017016554,7.0,14.0,35.0,45.5,182.0
36,19.0,137.52631578947367,146.48715090449727,7.0,28.0,98.0,179.5,483.0
37,42.0,48.38095238095238,45.116625231078395,7.0,14.0,35.0,68.25,210.0
38,49.0,39.46938775510204,31.313669832316794,7.0,21.0,28.0,56.0,177.0
39,43.0,51.48837209302326,40.90952391909275,7.0,28.0,42.0,66.5,203.0
40,20.0,134.5,151.2507503243677,7.0,7.0,112.0,178.25,574.0
41,37.0,49.054054054054056,53.750941049098515,7.0,14.0,28.0,56.0,205.0
42,19.0,34.0,45.76145879570615,7.0,7.0,14.0,42.0,191.0
43,28.0,88.07142857142857,120.9783967771622,7.0,7.0,35.0,108.5,434.0
44,22.0,123.54545454545455,168.0075755867736,7.0,24.5,70.0,98.0,609.0
45,34.0,62.44117647058823,139.2693468800373,7.0,7.0,14.0,49.0,693.0
46,13.0,26.0,50.54206169122902,7.0,7.0,7.0,7.0,184.0
47,19.0,39.526315789473685,67.68092495185908,7.0,7.0,7.0,21.0,245.0
48,25.0,57.48,83.60976816935526,7.0,7.0,28.0,77.0,350.0
49,34.0,32.588235294117645,36.621005436985016,7.0,8.75,24.5,35.0,198.0
50,33.0,60.515151515151516,70.65546741588776,7.0,14.0,28.0,77.0,259.0
51,18.0,34.333333333333336,45.280823106216495,7.0,7.0,14.0,40.25,177.0
52,32.0,51.46875,48.005365543527965,7.0,19.25,35.0,57.75,196.0
53,35.0,53.65714285714286,58.39920570427954,7.0,14.0,35.0,66.5,294.0
54,36.0,42.44444444444444,44.01716836770752,7.0,7.0,28.0,63.0,191.0
55,22.0,126.72727272727273,172.7646849435276,7.0,14.0,59.5,147.0,700.0
56,30.0,61.666666666666664,68.50992041596822,7.0,7.0,24.5,105.0,203.0
57,36.0,49.44444444444444,43.615491641286255,7.0,14.0,28.0,78.75,184.0
58,18.0,95.77777777777777,172.729831735117,7.0,7.0,17.5,77.0,665.0
59,31.0,52.0,56.89229590492313,7.0,10.5,28.0,63.0,238.0
60,27.0,110.0,145.01697513368245,7.0,14.0,42.0,140.0,609.0
61,21.0,50.76190476190476,78.37468007073763,7.0,7.0,14.0,56.0,329.0
62,35.0,46.857142857142854,42.24100520830918,7.0,14.0,42.0,56.0,177.0
63,25.0,107.04,162.47217197620847,7.0,7.0,56.0,105.0,651.0
64,25.0,126.92,179.5935039656687,7.0,7.0,35.0,182.0,700.0
65,31.0,38.903225806451616,40.38593388686187,7.0,14.0,28.0,49.0,198.0
66,24.0,96.04166666666667,131.01658679149273,7.0,14.0,42.0,98.0,476.0
67,12.0,124.41666666666667,130.65948689303627,7.0,12.25,77.0,229.25,392.0
68,46.0,35.5,34.694059690064776,7.0,14.0,28.0,42.0,191.0
69,11.0,60.0,71.95971094994754,7.0,7.0,14.0,94.5,184.0
70,27.0,92.37037037037037,125.19650650942798,7.0,14.0,42.0,91.0,462.0
71,17.0,42.11764705882353,52.04190901684571,7.0,14.0,21.0,63.0,219.0
72,18.0,122.61111111111111,142.81874110374142,7.0,15.75,73.5,181.75,469.0
73,43.0,48.883720930232556,44.66819967287134,7.0,17.5,42.0,66.5,212.0
74,49.0,40.61224489795919,33.368408416826064,7.0,21.0,35.0,49.0,198.0
75,43.0,52.13953488372093,42.80386130521006,7.0,24.5,42.0,63.0,210.0
76,17.0,133.94117647058823,153.34294513778394,7.0,14.0,70.0,182.0,518.0
77,38.0,48.31578947368421,51.60091412513033,7.0,14.0,28.0,56.0,233.0
78,25.0,30.88,45.560692122340136,7.0,7.0,7.0,35.0,212.0
79,29.0,72.24137931034483,109.4083619069969,7.0,7.0,14.0,77.0,427.0
80,21.0,133.76190476190476,141.64141511644988,7.0,35.0,91.0,217.0,574.0
81,31.0,68.25806451612904,111.02401173978402,7.0,7.0,28.0,66.5,497.0
82,13.0,30.307692307692307,56.707413706064656,7.0,7.0,7.0,21.0,212.0
83,25.0,44.32,74.82798050640326,7.0,7.0,14.0,28.0,280.0
84,22.0,64.68181818181819,89.21263329480831,7.0,7.0,38.5,70.0,378.0
85,32.0,37.03125,46.599518462831156,7.0,7.0,21.0,43.75,226.0
86,32.0,64.375,70.97375707646022,7.0,12.25,35.0,75.25,245.0
87,21.0,34.76190476190476,48.617799993320105,7.0,7.0,14.0,42.0,205.0
88,33.0,47.57575757575758,47.17588784473901,7.0,7.0,35.0,56.0,219.0
89,36.0,56.44444444444444,62.17323468431662,7.0,7.0,35.0,84.0,259.0
90,35.0,44.457142857142856,43.1947320161797,7.0,10.5,42.0,59.5,226.0
91,25.0,112.08,163.5759049085979,7.0,7.0,56.0,154.0,714.0
92,29.0,65.48275862068965,77.27715458458376,7.0,14.0,35.0,91.0,266.0
93,38.0,48.68421052631579,44.47659892643084,7.0,14.0,35.0,70.0,219.0
94,21.0,86.0952380952381,166.36222671084465,7.0,7.0,14.0,56.0,672.0
95,33.0,54.78787878787879,50.35980389640978,7.0,28.0,42.0,56.0,219.0
96,25.0,108.72,153.73286354365916,7.0,7.0,35.0,140.0,644.0
97,20.0,52.6,80.38158993202362,7.0,7.0,21.0,52.5,322.0
98,36.0,45.75,46.22823812346735,7.0,14.0,38.5,63.0,212.0
99,21.0,132.42857142857142,187.5608091869331,7.0,35.0,56.0,182.0,826.0
100,24.0,114.70833333333333,174.02285686123224,7.0,7.0,52.5,106.75,700.0
101,37.0,40.91891891891892,39.530142070730435,7.0,14.0,35.0,49.0,226.0
102,21.0,118.76190476190476,139.5585557255107,7.0,7.0,63.0,189.0,469.0
103,18.0,98.88888888888889,135.74495500922865,7.0,7.0,17.5,180.0,406.0
104,45.0,37.84444444444444,36.30424189813058,7.0,14.0,28.0,49.0,219.0
105,12.0,64.33333333333333,97.84248318165028,7.0,7.0,28.0,49.0,322.0
106,25.0,110.4,131.80983777144002,7.0,14.0,56.0,189.0,462.0
107,13.0,61.53846153846154,75.99190240261939,7.0,7.0,42.0,70.0,233.0
108,19.0,125.36842105263158,141.3208369185819,7.0,24.5,91.0,168.0,476.0
109,42.0,48.04761904761905,48.79771705023454,7.0,21.0,38.5,56.0,261.0
110,33.0,36.121212121212125,41.559263088809075,7.0,7.0,21.0,49.0,205.0
111,35.0,42.65714285714286,42.11115742688549,7.0,14.0,28.0,56.0,212.0
112,17.0,145.88235294117646,187.9258106118413,7.0,7.0,56.0,224.0,686.0
113,38.0,44.81578947368421,49.9701831436902,7.0,14.0,28.0,47.25,247.0
114,23.0,34.78260869565217,48.96562478991964,7.0,7.0,14.0,38.5,226.0
115,25.0,96.12,157.07623414550443,7.0,7.0,42.0,91.0,721.0
116,23.0,133.69565217391303,147.7932938516152,7.0,10.5,70.0,227.5,581.0
117,29.0,77.79310344827586,120.61401817081772,7.0,7.0,21.0,63.0,448.0
118,14.0,28.642857142857142,60.45164264849302,7.0,7.0,7.0,7.0,233.0
119,24.0,49.958333333333336,73.90915644084366,7.0,12.25,21.0,42.0,294.0
120,21.0,70.76190476190476,96.761513403783,7.0,14.0,28.0,84.0,392.0
121,40.0,36.8,45.868932561800186,7.0,7.0,17.5,43.75,247.0
122,32.0,57.8125,58.81542342156575,7.0,14.0,38.5,78.75,261.0
123,20.0,34.05,57.03320823963231,7.0,7.0,14.0,31.5,240.0
124,34.0,46.794117647058826,50.925244922434906,7.0,8.75,24.5,70.0,233.0
125,28.0,54.82142857142857,64.69532788181424,7.0,14.0,28.0,66.5,254.0
126,37.0,37.13513513513514,42.00341398966026,7.0,7.0,28.0,49.0,240.0
127,25.0,112.08,157.031291998336,7.0,21.0,49.0,126.0,714.0
128,27.0,59.96296296296296,74.3223133911093,7.0,14.0,28.0,73.5,294.0
129,34.0,62.85294117647059,68.51681162996297,7.0,15.75,49.0,75.25,329.0
130,21.0,88.76190476190476,180.325512549363,7.0,7.0,21.0,42.0,693.0
131,34.0,53.588235294117645,51.345011056847646,7.0,15.75,42.0,63.0,247.0
132,22.0,120.36363636363636,200.7259551998921,7.0,10.5,45.5,122.5,889.0
133,21.0,46.42857142857143,85.36953287243138,7.0,7.0,14.0,35.0,343.0
134,39.0,49.76923076923077,51.86595148145769,7.0,14.0,35.0,63.0,254.0
135,25.0,119.36,148.55242621153425,7.0,14.0,49.0,189.0,616.0
136,21.0,130.0952380952381,163.28622255472283,7.0,14.0,63.0,154.0,588.0
137,42.0,37.88095238095238,38.433472695829764,7.0,14.0,35.0,42.0,233.0
138,21.0,126.76190476190476,141.51038999377562,7.0,28.0,63.0,210.0,469.0
139,16.0,111.25,189.11389866074535,7.0,7.0,17.5,108.5,679.0
140,48.0,36.5,37.93667736322861,7.0,14.0,28.0,43.75,240.0
141,17.0,52.8235294117647,97.23826104864641,7.0,7.0,7.0,28.0,357.0
142,23.0,125.78260869565217,143.25246516100012,7.0,21.0,63.0,178.5,462.0
143,10.0,83.5,95.8056481749496,7.0,7.0,45.5,122.5,268.0
144,20.0,134.15,170.2305789216497,7.0,26.25,70.0,180.25,700.0
145,42.0,49.714285714285715,61.48657823570838,7.0,21.0,35.0,49.0,366.0
146,37.0,40.729729729729726,46.98028466439031,7.0,14.0,21.0,56.0,261.0
147,37.0,43.567567567567565,45.45849177518403,7.0,21.0,28.0,49.0,240.0
148,15.0,182.13333333333333,198.17988461664484,7.0,49.0,119.0,253.0,693.0
149,38.0,49.60526315789474,55.86738132286874,7.0,21.0,28.0,63.0,296.0
150,18.0,42.5,60.86557029272644,7.0,14.0,21.0,47.25,268.0
151,26.0,107.5,159.1804636254085,7.0,7.0,52.5,134.75,700.0
152,18.0,163.05555555555554,188.66168669378473,7.0,29.75,126.0,185.5,791.0
153,32.0,65.25,105.15947950152785,7.0,7.0,14.0,70.0,455.0
154,17.0,35.529411764705884,69.38129939603577,7.0,7.0,7.0,14.0,268.0
155,23.0,53.65217391304348,82.72605871497707,7.0,10.5,21.0,49.0,315.0
156,21.0,64.42857142857143,86.2824266166474,7.0,7.0,28.0,70.0,329.0
157,37.0,38.45945945945946,49.89522054298421,7.0,14.0,21.0,42.0,282.0
158,34.0,63.05882352941177,66.17513090345288,7.0,14.0,35.0,99.75,275.0
159,20.0,40.0,76.09066614036317,7.0,7.0,14.0,35.0,345.0
160,31.0,65.54838709677419,75.46161881366244,7.0,21.0,42.0,77.0,336.0
161,35.0,55.65714285714286,77.75562883242634,7.0,14.0,28.0,52.5,366.0
162,38.0,40.39473684210526,46.6635684469067,7.0,14.0,24.5,49.0,254.0
163,25.0,118.52,166.87623158097338,7.0,7.0,42.0,126.0,714.0
164,29.0,58.241379310344826,84.32786997886531,7.0,7.0,21.0,77.0,345.0
165,39.0,59.282051282051285,70.15582232579008,7.0,14.0,42.0,70.0,343.0
166,18.0,110.16666666666667,193.5125014961414,7.0,7.0,14.0,105.0,756.0
167,34.0,56.6764705882353,60.024601314155774,7.0,14.0,42.0,77.0,275.0
168,22.0,139.45454545454547,161.82463385162382,7.0,29.75,63.0,215.25,651.0
169,14.0,85.14285714285714,126.91114829060355,7.0,7.0,31.5,96.25,413.0
