id,count,mean,std,min,25%,50%,75%,max
0,36.0,16.333333333333332,27.54632461872182,0.0,0.0,7.0,15.75,154.0
1,48.0,9.041666666666666,25.133649846568822,0.0,0.0,0.0,7.0,168.0
2,48.0,11.375,26.176670626846015,0.0,0.0,7.0,14.0,168.0
3,49.0,3.2857142857142856,20.009372803763746,0.0,0.0,0.0,0.0,140.0
4,41.0,13.658536585365853,29.572461646012464,0.0,0.0,7.0,14.0,168.0
5,48.0,10.5,21.417829120975803,0.0,0.0,7.0,14.0,140.0
6,34.0,6.794117647058823,25.472242065914177,0.0,0.0,0.0,0.0,147.0
7,46.0,14.91304347826087,24.499275351602204,0.0,0.0,7.0,19.25,154.0
8,47.0,15.638297872340425,25.74914564383844,0.0,0.0,7.0,17.5,161.0
9,51.0,17.019607843137255,28.528925809485663,0.0,0.0,7.0,21.0,154.0
10,23.0,9.130434782608695,29.505476144770896,0.0,0.0,0.0,0.0,140.0
11,35.0,13.4,26.810006911379855,0.0,0.0,7.0,14.0,147.0
12,35.0,18.0,29.37085390014273,0.0,0.0,7.0,21.0,147.0
13,57.0,9.456140350877194,21.144967465636046,0.0,0.0,0.0,14.0,147.0
14,42.0,20.666666666666668,35.69154211941239,0.0,0.0,7.0,19.25,161.0
15,33.0,15.696969696969697,30.56395430945255,0.0,0.0,0.0,14.0,140.0
16,44.0,14.795454545454545,27.927297261760273,0.0,0.0,7.0,15.75,154.0
17,42.0,17.333333333333332,29.908532648781886,0.0,0.0,7.0,14.0,140.0
18,49.0,14.571428571428571,29.89843920118016,0.0,0.0,7.0,14.0,161.0
19,44.0,15.431818181818182,24.08743542709654,0.0,0.0,7.0,21.0,147.0
20,44.0,21.15909090909091,29.870217867190117,0.0,5.25,7.0,28.0,154.0
21,42.0,15.666666666666666,39.65255607463449,0.0,0.0,7.0,12.25,203.0
22,33.0,14.424242424242424,27.44429620047477,0.0,0.0,0.0,21.0,140.0
23,43.0,13.837209302325581,26.95934349257021,0.0,0.0,7.0,14.0,140.0
24,43.0,12.86046511627907,26.14390705248533,0.0,0.0,7.0,14.0,154.0
25,36.0,11.083333333333334,25.671969149249144,0.0,0.0,0.0,14.0,147.0
26,46.0,14.0,23.2398125829123,0.0,0.0,7.0,19.25,140.0
27,41.0,15.878048780487806,27.515627488711957,0.0,0.0,7.0,14.0,154.0
28,47.0,12.063829787234043,24.367123481301736,0.0,0.0,7.0,7.0,147.0
29,49.0,11.857142857142858,23.74692962609412,0.0,0.0,7.0,14.0,161.0
30,38.0,14.0,26.3930785357562,0.0,0.0,7.0,19.25,161.0
31,24.0,12.541666666666666,29.408633997912727,0.0,0.0,0.0,8.75,140.0
32,48.0,13.854166666666666,28.055408386197342,0.0,0.0,7.0,14.0,175.0
33,22.0,15.272727272727273,32.44949455645953,0.0,0.0,0.0,19.25,147.0
34,46.0,17.347826086956523,31.98417483089921,0.0,0.0,7.0,21.0,175.0
35,21.0,12.0,34.58757002161325,0.0,0.0,0.0,7.0,161.0
36,36.0,15.944444444444445,28.328627060115554,0.0,0.0,7.0,15.75,161.0
37,48.0,7.291666666666667,27.47219742222442,0.0,0.0,0.0,7.0,189.0
38,47.0,12.659574468085106,28.84838673489889,0.0,0.0,7.0,14.0,189.0
39,49.0,3.2857142857142856,21.053503271427303,0.0,0.0,0.0,0.0,147.0
40,40.0,18.025,36.52430697494478,0.0,0.0,7.0,15.75,182.0
41,48.0,9.916666666666666,28.473827723862964,0.0,0.0,7.0,7.0,196.0
42,34.0,11.117647058823529,29.402911323471017,0.0,0.0,0.0,7.0,161.0
43,46.0,17.347826086956523,34.976320492142705,0.0,0.0,7.0,14.0,175.0
44,46.0,15.369565217391305,30.976951069860654,0.0,0.0,7.0,14.0,203.0
45,51.0,16.058823529411764,31.8109489105282,0.0,0.0,7.0,14.0,182.0
46,23.0,11.869565217391305,35.84474647423763,0.0,0.0,0.0,3.5,168.0
47,35.0,12.8,30.25071705518633,0.0,0.0,7.0,14.0,175.0
48,34.0,17.91176470588235,34.516897616006396,0.0,0.0,7.0,21.0,182.0
49,56.0,8.0,23.819777878515538,0.0,0.0,0.0,7.0,175.0
50,40.0,25.725,47.460097950129615,0.0,7.0,10.5,21.0,217.0
51,32.0,14.21875,32.95229628789413,0.0,0.0,0.0,8.75,168.0
52,44.0,14.477272727272727,29.52136682753274,0.0,0.0,7.0,14.0,182.0
53,42.0,18.333333333333332,32.39140707089644,0.0,1.75,7.0,14.0,168.0
54,49.0,12.428571428571429,29.012210073231813,0.0,0.0,7.0,14.0,175.0
55,43.0,14.651162790697674,33.87574193243402,0.0,0.0,7.0,14.0,189.0
56,43.0,16.6046511627907,29.18425826079118,0.0,0.0,7.0,21.0,182.0
57,42.0,13.0,30.749182023623835,0.0,0.0,7.0,14.0,189.0
58,33.0,16.545454545454547,34.6401960418555,0.0,0.0,7.0,14.0,168.0
59,43.0,18.069767441860463,38.65069170134279,0.0,0.0,7.0,17.5,182.0
60,43.0,14.813953488372093,31.57248335855697,0.0,0.0,7.0,14.0,182.0
61,34.0,19.352941176470587,36.680340992550335,0.0,0.0,7.0,26.25,175.0
62,45.0,15.088888888888889,31.196461208271554,0.0,0.0,7.0,14.0,175.0
63,41.0,16.390243902439025,33.41023649181526,0.0,0.0,7.0,14.0,168.0
64,47.0,10.872340425531915,27.103358544714162,0.0,0.0,7.0,14.0,182.0
65,49.0,13.285714285714286,28.1543365517049,0.0,0.0,7.0,14.0,189.0
66,38.0,14.0,30.793119624620957,0.0,0.0,7.0,14.0,189.0
67,24.0,14.583333333333334,32.10569049746229,0.0,0.0,7.0,14.0,154.0
68,48.0,16.041666666666668,34.13923825530503,0.0,0.0,7.0,21.0,224.0
69,22.0,15.909090909090908,36.352649855480294,0.0,0.0,3.5,14.0,168.0
70,45.0,21.31111111111111,36.3717061752815,0.0,0.0,7.0,21.0,210.0
71,21.0,19.0,41.36181814185638,0.0,0.0,0.0,21.0,182.0
72,35.0,16.8,35.982675570008276,0.0,0.0,7.0,17.5,196.0
73,48.0,6.854166666666667,31.25460958910503,0.0,0.0,0.0,7.0,217.0
74,47.0,13.106382978723405,32.494303208109784,0.0,0.0,7.0,14.0,217.0
75,48.0,3.2083333333333335,22.22798536380059,0.0,0.0,0.0,0.0,154.0
76,39.0,22.974358974358974,46.514563186104006,0.0,0.0,7.0,24.5,280.0
77,47.0,11.02127659574468,32.921837183733636,0.0,0.0,7.0,7.0,224.0
78,34.0,12.147058823529411,33.161800178629385,0.0,0.0,0.0,12.25,189.0
79,45.0,15.71111111111111,32.77029019084084,0.0,0.0,7.0,21.0,203.0
80,45.0,18.2,37.08258596454921,0.0,0.0,7.0,21.0,238.0
81,49.0,17.571428571428573,36.00983661908692,0.0,0.0,7.0,14.0,217.0
82,23.0,13.08695652173913,40.00671880330996,0.0,0.0,0.0,7.0,189.0
83,35.0,13.6,33.26648198306235,0.0,0.0,7.0,14.0,196.0
84,34.0,21.823529411764707,37.31071061451007,0.0,7.0,10.5,19.25,203.0
85,54.0,11.666666666666666,31.45226991838376,0.0,0.0,0.0,7.0,210.0
86,40.0,16.975,34.72565555675161,0.0,7.0,7.0,15.75,217.0
87,32.0,10.28125,34.5675909888756,0.0,0.0,0.0,7.0,196.0
88,44.0,13.840909090909092,32.46604178094053,0.0,0.0,7.0,8.75,203.0
89,42.0,16.833333333333332,36.32570591976302,0.0,0.0,7.0,19.25,217.0
90,47.0,17.27659574468085,33.27925462144715,0.0,0.0,7.0,14.0,196.0
91,43.0,12.209302325581396,31.420010411576342,0.0,0.0,7.0,14.0,203.0
92,43.0,15.13953488372093,34.72996606153912,0.0,0.0,7.0,14.0,224.0
93,41.0,22.024390243902438,54.952473922871775,0.0,0.0,7.0,21.0,280.0
94,32.0,12.6875,35.75673859342753,0.0,0.0,0.0,14.0,203.0
95,43.0,12.534883720930232,33.346199067480875,0.0,0.0,0.0,14.0,210.0
96,43.0,17.74418604651163,33.92856152007782,0.0,0.0,7.0,24.5,196.0
97,33.0,22.272727272727273,45.98387810368483,0.0,0.0,7.0,21.0,231.0
98,45.0,16.177777777777777,33.23148075441889,0.0,0.0,7.0,21.0,210.0
99,41.0,17.24390243902439,32.611946038073896,0.0,0.0,7.0,21.0,196.0
100,47.0,13.553191489361701,30.838857836120454,0.0,0.0,7.0,14.0,203.0
101,49.0,15.428571428571429,33.47884904433445,0.0,0.0,7.0,14.0,224.0
102,37.0,15.891891891891891,35.29619414783018,0.0,0.0,7.0,21.0,210.0
103,23.0,15.217391304347826,39.18250597784115,0.0,0.0,0.0,10.5,182.0
104,48.0,12.6875,35.68309466233067,0.0,0.0,7.0,8.75,238.0
105,22.0,21.0,42.71611717685336,0.0,0.0,7.0,14.0,196.0
106,42.0,22.5,40.83234609724107,0.0,7.0,10.5,28.0,238.0
107,21.0,15.333333333333334,53.06254171572761,0.0,0.0,0.0,7.0,245.0
108,33.0,21.21212121212121,48.38630848168569,0.0,0.0,7.0,21.0,252.0
109,48.0,8.75,38.245288960335685,0.0,0.0,0.0,7.0,266.0
110,46.0,18.565217391304348,47.4812955799617,0.0,0.0,7.0,19.25,315.0
111,46.0,14.608695652173912,31.987135095131652,0.0,0.0,7.0,14.0,196.0
112,35.0,28.4,91.34685029503495,0.0,0.0,7.0,17.5,539.0
113,47.0,9.829787234042554,37.65825687446661,0.0,0.0,0.0,7.0,259.0
114,34.0,11.529411764705882,37.195825192684005,0.0,0.0,0.0,7.0,217.0
115,41.0,25.097560975609756,41.50048486346201,0.0,0.0,7.0,28.0,210.0
116,43.0,16.6046511627907,40.731489827477354,0.0,0.0,7.0,21.0,266.0
117,47.0,15.787234042553191,39.205110675175106,0.0,0.0,0.0,14.0,231.0
118,23.0,16.73913043478261,46.99247269636464,0.0,0.0,0.0,0.0,210.0
119,35.0,15.8,37.93787491335244,0.0,0.0,7.0,14.0,224.0
120,32.0,25.8125,45.796490568460555,0.0,5.25,7.0,24.5,224.0
121,54.0,12.055555555555555,36.8256558776298,0.0,0.0,3.5,7.0,259.0
122,40.0,20.825,41.86479305378085,0.0,0.0,7.0,14.0,231.0
123,32.0,18.8125,62.31731365074366,0.0,0.0,7.0,14.0,357.0
124,44.0,11.295454545454545,34.13351319516345,0.0,0.0,3.5,7.0,224.0
125,42.0,17.666666666666668,51.141919547073606,0.0,0.0,7.0,14.0,329.0
126,45.0,18.666666666666668,40.8166632639171,0.0,0.0,7.0,14.0,210.0
127,42.0,13.5,36.36954636009397,0.0,0.0,3.5,12.25,231.0
128,42.0,24.0,54.88213534919906,0.0,0.0,7.0,21.0,315.0
129,41.0,17.75609756097561,41.05897008438283,0.0,0.0,7.0,14.0,245.0
130,31.0,17.838709677419356,41.32722813044974,0.0,0.0,0.0,14.0,210.0
131,43.0,20.511627906976745,43.96501427976744,0.0,0.0,7.0,14.0,231.0
132,42.0,16.833333333333332,34.260064689377415,0.0,0.0,7.0,21.0,217.0
133,33.0,22.90909090909091,64.87457304115941,0.0,0.0,0.0,14.0,336.0
134,42.0,22.0,53.479879964109955,0.0,0.0,7.0,12.25,231.0
135,40.0,17.325,35.58693760644667,0.0,0.0,7.0,15.75,217.0
136,42.0,18.833333333333332,43.71466052384998,0.0,0.0,7.0,14.0,252.0
137,49.0,13.857142857142858,39.14396505209967,0.0,0.0,7.0,14.0,273.0
138,36.0,15.36111111111111,36.9580092056437,0.0,0.0,7.0,14.0,217.0
139,22.0,16.227272727272727,42.73721676676778,0.0,0.0,3.5,14.0,203.0
