id,count,mean,std,min,25%,50%,75%,max
0,33.0,17.848484848484848,21.5872086143062,7.0,7.0,7.0,21.0,120.0
1,35.0,24.62857142857143,24.32631800949662,7.0,7.0,21.0,28.0,120.0
2,41.0,23.24390243902439,23.86187386586066,7.0,7.0,14.0,28.0,120.0
3,37.0,21.216216216216218,23.709040862477305,7.0,7.0,7.0,28.0,120.0
4,32.0,24.75,29.37301812120074,7.0,7.0,14.0,22.75,120.0
5,36.0,21.02777777777778,21.88213375742361,7.0,7.0,14.0,22.75,120.0
6,14.0,25.571428571428573,31.726509870633876,7.0,7.0,14.0,29.75,120.0
7,39.0,17.256410256410255,21.36120185451572,7.0,7.0,7.0,17.5,120.0
8,39.0,20.307692307692307,25.48389981532597,7.0,7.0,7.0,21.0,120.0
9,40.0,17.35,20.304792916565667,7.0,7.0,10.5,21.0,120.0
10,7.0,27.142857142857142,42.25489546166445,7.0,7.0,7.0,21.0,120.0
11,9.0,21.11111111111111,37.20700352233583,7.0,7.0,7.0,14.0,120.0
12,12.0,20.5,32.48915903105918,7.0,7.0,7.0,15.75,120.0
13,38.0,17.342105263157894,20.510084949538086,7.0,7.0,7.0,21.0,120.0
14,33.0,17.848484848484848,21.869100936197075,7.0,7.0,7.0,21.0,120.0
15,16.0,20.625,30.18802190715163,7.0,7.0,7.0,15.75,120.0
16,37.0,22.72972972972973,25.20543222826805,7.0,7.0,14.0,28.0,120.0
17,36.0,26.27777777777778,23.44307526281008,7.0,7.0,21.0,35.0,120.0
18,37.0,19.324324324324323,21.029151795191957,7.0,7.0,14.0,21.0,120.0
19,42.0,17.357142857142858,23.46333042354516,7.0,7.0,7.0,14.0,120.0
20,33.0,14.454545454545455,20.564062872355304,7.0,7.0,7.0,14.0,120.0
21,41.0,22.21951219512195,20.220672831439057,7.0,14.0,14.0,28.0,120.0
22,22.0,17.545454545454547,26.966870808681552,7.0,7.0,7.0,12.25,120.0
23,35.0,26.428571428571427,29.109616072685668,7.0,7.0,14.0,24.5,120.0
24,41.0,21.195121951219512,25.40789199460979,7.0,7.0,7.0,21.0,120.0
25,13.0,27.0,34.1418609139377,7.0,7.0,7.0,35.0,120.0
26,39.0,23.0,20.62318572562649,7.0,14.0,14.0,28.0,120.0
27,36.0,28.02777777777778,29.07280134038992,7.0,7.0,14.0,43.75,120.0
28,42.0,19.357142857142858,22.12803257824726,7.0,7.0,7.0,28.0,120.0
29,38.0,17.157894736842106,21.080958893762684,7.0,7.0,7.0,21.0,120.0
30,23.0,20.73913043478261,27.55856143379758,7.0,7.0,7.0,21.0,120.0
31,11.0,33.18181818181818,41.157789498023774,7.0,7.0,14.0,42.0,120.0
32,35.0,22.82857142857143,24.73802231180091,7.0,7.0,14.0,28.0,120.0
33,9.0,21.11111111111111,37.371260496685295,7.0,7.0,7.0,7.0,120.0
34,38.0,19.92105263157895,24.442300041003758,7.0,7.0,7.0,26.25,120.0
35,8.0,25.5,39.395431207184416,7.0,7.0,7.0,19.25,120.0
36,31.0,22.387096774193548,26.420544303445425,7.0,7.0,14.0,28.0,134.0
37,46.0,19.5,24.565332392531463,7.0,7.0,7.0,19.25,127.0
38,39.0,24.974358974358974,24.241642270543664,7.0,7.0,21.0,35.0,127.0
39,35.0,23.228571428571428,29.019350252471718,7.0,7.0,14.0,28.0,141.0
40,28.0,29.785714285714285,40.45423307325173,7.0,7.0,10.5,31.5,168.0
41,43.0,21.023255813953487,24.47495159982862,7.0,7.0,14.0,28.0,155.0
42,19.0,19.94736842105263,28.139481327073625,7.0,7.0,7.0,21.0,127.0
43,42.0,20.523809523809526,27.476143173126587,7.0,7.0,7.0,26.25,141.0
44,39.0,21.564102564102566,29.572208567642544,7.0,7.0,7.0,21.0,155.0
45,43.0,16.46511627906977,24.378316709350454,7.0,7.0,7.0,14.0,155.0
46,13.0,20.0,35.59728454063128,7.0,7.0,7.0,7.0,134.0
47,16.0,20.1875,29.26025461269946,7.0,7.0,14.0,21.0,127.0
48,25.0,14.88,28.14740959070065,7.0,7.0,7.0,14.0,148.0
49,43.0,16.46511627906977,21.07057171146673,7.0,7.0,14.0,14.0,134.0
50,35.0,17.228571428571428,24.66133639130374,7.0,7.0,7.0,21.0,148.0
51,16.0,26.3125,37.21418860237763,7.0,7.0,14.0,21.0,148.0
52,41.0,22.21951219512195,23.323284711980378,7.0,7.0,14.0,28.0,127.0
53,38.0,27.657894736842106,34.98515230686535,7.0,7.0,14.0,33.25,168.0
54,39.0,23.17948717948718,24.474338650138705,7.0,7.0,14.0,28.0,127.0
55,39.0,23.71794871794872,27.448467235462317,7.0,7.0,14.0,24.5,148.0
56,31.0,19.225806451612904,28.0923591953629,7.0,7.0,7.0,17.5,148.0
57,41.0,27.51219512195122,28.806355159252195,7.0,7.0,21.0,28.0,141.0
58,21.0,16.38095238095238,27.16335065943852,7.0,7.0,7.0,7.0,127.0
59,35.0,21.02857142857143,26.49693180271979,7.0,7.0,14.0,21.0,148.0
60,42.0,25.523809523809526,28.104541856049593,7.0,7.0,14.0,35.0,155.0
61,25.0,19.92,27.632891029833754,7.0,7.0,7.0,14.0,134.0
62,40.0,22.6,23.129291008677775,7.0,12.25,14.0,28.0,141.0
63,40.0,28.025,30.999989660875034,7.0,7.0,14.0,43.75,148.0
64,47.0,20.127659574468087,23.706187984388308,7.0,7.0,7.0,21.0,127.0
65,39.0,16.53846153846154,21.478074688102105,7.0,7.0,14.0,14.0,134.0
66,26.0,19.96153846153846,28.633519894320745,7.0,7.0,7.0,14.0,141.0
67,16.0,24.125,34.79822792423009,7.0,7.0,7.0,22.75,141.0
68,33.0,24.636363636363637,29.627708928697746,7.0,7.0,14.0,28.0,148.0
69,9.0,21.88888888888889,39.68766950969925,7.0,7.0,7.0,7.0,127.0
70,33.0,25.060606060606062,36.35324898989377,7.0,7.0,7.0,21.0,148.0
71,15.0,17.333333333333332,32.75159029217767,7.0,7.0,7.0,7.0,134.0
72,32.0,23.65625,33.33757869470736,7.0,7.0,10.5,22.75,162.0
73,41.0,23.414634146341463,29.92154375174859,7.0,7.0,14.0,21.0,162.0
74,37.0,28.783783783783782,29.76027846264504,7.0,14.0,21.0,42.0,155.0
75,41.0,17.26829268292683,26.146724833374346,7.0,7.0,7.0,14.0,162.0
76,33.0,26.96969696969697,29.38056845995841,7.0,14.0,14.0,35.0,162.0
77,36.0,23.166666666666668,28.63214976211182,7.0,7.0,14.0,21.0,169.0
78,26.0,19.423076923076923,28.822453853789856,7.0,7.0,7.0,21.0,148.0
79,42.0,22.523809523809526,30.55761299517411,7.0,7.0,14.0,21.0,176.0
80,42.0,23.857142857142858,33.26726320865196,7.0,7.0,10.5,21.0,169.0
81,37.0,18.56756756756757,31.161354752802865,7.0,7.0,7.0,21.0,190.0
82,7.0,33.142857142857146,60.41641215053124,7.0,7.0,7.0,17.5,169.0
83,22.0,20.09090909090909,28.80130468425261,7.0,7.0,10.5,21.0,141.0
84,20.0,21.05,35.838049465249696,7.0,7.0,10.5,15.75,169.0
85,45.0,15.577777777777778,23.353497780543684,7.0,7.0,7.0,14.0,162.0
86,30.0,21.966666666666665,33.43803670747693,7.0,7.0,7.0,19.25,176.0
87,18.0,30.0,38.29145197191727,7.0,7.0,14.0,33.25,155.0
88,41.0,22.73170731707317,27.90163471039278,7.0,7.0,14.0,28.0,169.0
89,40.0,26.1,37.03691851832889,7.0,7.0,14.0,28.0,175.0
90,38.0,23.42105263157895,29.715435591213083,7.0,7.0,14.0,28.0,176.0
91,43.0,21.837209302325583,28.904547535241832,7.0,7.0,7.0,21.0,162.0
92,36.0,19.27777777777778,27.349182396879396,7.0,7.0,7.0,21.0,155.0
93,43.0,25.906976744186046,29.715968092759862,7.0,7.0,14.0,28.0,169.0
94,25.0,21.6,44.75954274416426,7.0,7.0,7.0,7.0,182.0
95,42.0,24.523809523809526,30.817510143991665,7.0,7.0,14.0,26.25,176.0
96,45.0,24.133333333333333,32.820863652699494,7.0,7.0,7.0,21.0,176.0
97,22.0,17.863636363636363,32.66612553664357,7.0,7.0,7.0,14.0,162.0
98,40.0,23.3,30.222423327636584,7.0,7.0,14.0,22.75,176.0
99,32.0,31.53125,34.42803094160526,7.0,7.0,21.0,42.0,176.0
100,44.0,23.727272727272727,32.764390508786555,7.0,7.0,14.0,21.0,162.0
101,41.0,20.853658536585368,25.152098297766095,7.0,7.0,14.0,28.0,155.0
102,21.0,22.714285714285715,35.40924011771907,7.0,7.0,7.0,28.0,169.0
103,16.0,21.9375,37.00354712726876,7.0,7.0,7.0,14.0,155.0
104,35.0,26.02857142857143,33.25877656329822,7.0,7.0,14.0,28.0,183.0
105,16.0,19.75,38.43522689755671,7.0,7.0,7.0,14.0,162.0
106,35.0,26.02857142857143,37.692631292886844,7.0,7.0,7.0,31.5,190.0
107,10.0,28.1,52.38415791057446,7.0,7.0,10.5,14.0,176.0
108,27.0,26.74074074074074,40.282266180801805,7.0,7.0,14.0,28.0,197.0
109,39.0,22.102564102564102,29.863544817081504,7.0,7.0,14.0,21.0,183.0
110,33.0,28.03030303030303,34.1206360290998,7.0,7.0,14.0,35.0,183.0
111,36.0,25.5,33.93817909081157,7.0,7.0,14.0,22.75,183.0
112,30.0,28.966666666666665,44.41922799972951,7.0,7.0,14.0,26.25,232.0
113,40.0,23.65,34.01172497679934,7.0,7.0,14.0,22.75,204.0
114,15.0,31.333333333333332,45.59239702698978,7.0,7.0,21.0,24.5,183.0
115,36.0,26.666666666666668,38.527911960032306,7.0,7.0,14.0,28.0,190.0
116,40.0,29.425,41.268282661702244,7.0,7.0,14.0,29.75,204.0
117,38.0,25.07894736842105,41.16242157858757,7.0,7.0,14.0,21.0,225.0
118,16.0,23.6875,44.427797229512365,7.0,7.0,7.0,15.75,183.0
119,19.0,21.42105263157895,38.45533598211146,7.0,7.0,7.0,17.5,176.0
