id,count,mean,std,min,25%,50%,75%,max
0,7.0,36.0,51.980765673468106,7.0,7.0,14.0,35.0,147.0
1,9.0,28.77777777777778,48.55352144226456,0.0,7.0,7.0,21.0,154.0
2,8.0,28.0,51.16639522186413,0.0,7.0,14.0,14.0,154.0
3,8.0,23.625,50.05122376126282,0.0,5.25,7.0,8.75,147.0
4,8.0,29.75,50.99509780361246,0.0,5.25,17.5,21.0,154.0
5,9.0,30.333333333333332,51.08081831764248,0.0,7.0,14.0,14.0,161.0
6,6.0,25.666666666666668,56.11654539141435,0.0,0.0,3.5,7.0,140.0
7,11.0,21.0,42.579337712087536,0.0,3.5,7.0,14.0,147.0
8,10.0,22.4,47.33849737088549,0.0,0.0,3.5,19.25,154.0
9,10.0,24.5,49.63477723442618,0.0,0.0,3.5,24.5,161.0
10,5.0,30.8,65.02845530996412,0.0,0.0,0.0,7.0,147.0
11,7.0,25.0,51.73329037798904,0.0,0.0,0.0,17.5,140.0
12,7.0,37.0,48.11098280711657,0.0,10.5,21.0,38.5,140.0
13,10.0,27.3,50.2019255938787,0.0,0.0,7.0,24.5,161.0
14,9.0,23.333333333333332,46.82680856090878,0.0,7.0,7.0,14.0,147.0
15,8.0,28.0,47.47630988187688,0.0,0.0,10.5,26.25,140.0
16,9.0,27.22222222222222,53.59052569666064,0.0,0.0,7.0,21.0,168.0
17,8.0,24.5,55.62373594069352,0.0,0.0,3.5,10.5,161.0
18,8.0,28.0,49.07137658554119,0.0,5.25,10.5,22.75,147.0
19,9.0,28.77777777777778,43.21393808072165,0.0,7.0,14.0,28.0,140.0
20,9.0,32.666666666666664,53.539704892724245,0.0,7.0,7.0,14.0,154.0
21,8.0,32.375,56.24166604929125,0.0,5.25,10.5,29.75,168.0
22,5.0,37.8,58.06203578931762,0.0,7.0,14.0,28.0,140.0
23,8.0,24.5,60.909769331364245,0.0,0.0,3.5,7.0,175.0
24,9.0,23.333333333333332,49.49747468305832,0.0,0.0,7.0,14.0,154.0
25,8.0,34.125,46.64895497221776,0.0,17.5,21.0,28.0,147.0
26,10.0,21.7,47.75644226465973,0.0,0.0,3.5,12.25,154.0
27,9.0,23.333333333333332,46.95742752749558,0.0,0.0,7.0,14.0,147.0
28,10.0,23.8,41.24129537786664,0.0,7.0,14.0,14.0,140.0
29,9.0,27.22222222222222,51.847800767674265,0.0,0.0,7.0,14.0,161.0
30,8.0,29.75,56.34270139068591,0.0,5.25,14.0,15.75,168.0
31,5.0,29.4,61.901534714415604,0.0,0.0,0.0,7.0,140.0
32,9.0,28.77777777777778,55.609751343127265,0.0,7.0,7.0,21.0,175.0
33,4.0,38.5,72.40856302952021,0.0,0.0,3.5,42.0,147.0
34,9.0,36.55555555555556,57.16666666666667,0.0,7.0,14.0,28.0,182.0
35,5.0,29.4,61.901534714415604,0.0,0.0,0.0,7.0,140.0
36,6.0,37.333333333333336,61.29165250396392,0.0,8.75,14.0,24.5,161.0
37,8.0,37.625,59.38960346727363,7.0,12.25,14.0,26.25,182.0
38,8.0,32.375,59.15340226901577,0.0,5.25,10.5,21.0,175.0
39,8.0,29.75,57.20576893985431,0.0,0.0,7.0,24.5,168.0
40,7.0,43.0,61.746794788609606,0.0,10.5,14.0,45.5,175.0
41,9.0,27.22222222222222,63.4306270223182,0.0,7.0,7.0,7.0,196.0
42,6.0,33.833333333333336,66.02550012432064,0.0,1.75,10.5,14.0,168.0
43,11.0,24.181818181818183,55.06145327144604,0.0,3.5,7.0,14.0,189.0
44,9.0,30.333333333333332,57.51086853804243,0.0,7.0,14.0,14.0,182.0
45,9.0,35.0,65.19777603569005,0.0,0.0,7.0,35.0,203.0
46,5.0,39.2,72.17132394517922,0.0,7.0,7.0,14.0,168.0
47,7.0,33.0,63.09252464964979,0.0,3.5,14.0,17.5,175.0
48,7.0,38.0,57.985630403862416,7.0,10.5,14.0,28.0,168.0
49,10.0,25.9,52.90547125665632,0.0,7.0,7.0,19.25,175.0
50,9.0,31.11111111111111,60.53190159833995,0.0,7.0,7.0,14.0,189.0
51,7.0,36.0,53.52880844305553,7.0,7.0,14.0,31.5,154.0
52,8.0,35.0,59.74947698515862,7.0,12.25,14.0,17.5,182.0
53,7.0,27.0,62.40459384799595,0.0,0.0,0.0,10.5,168.0
54,8.0,27.125,65.49904579457628,0.0,0.0,7.0,7.0,189.0
55,9.0,28.0,55.45042831214201,0.0,7.0,7.0,14.0,175.0
56,7.0,36.0,65.09480265991543,0.0,7.0,7.0,24.5,182.0
57,7.0,37.0,79.98749902328488,0.0,0.0,7.0,17.5,217.0
58,5.0,42.0,75.22964841071636,0.0,0.0,7.0,28.0,175.0
59,8.0,36.75,63.13873612925745,0.0,5.25,14.0,31.5,189.0
60,8.0,34.125,62.77041500579712,7.0,7.0,14.0,15.75,189.0
61,7.0,38.0,54.948460700308374,7.0,14.0,14.0,28.0,161.0
62,8.0,36.75,63.470465572579506,0.0,5.25,10.5,36.75,189.0
63,8.0,26.25,60.53511377704679,0.0,0.0,3.5,10.5,175.0
64,10.0,23.1,51.33863608974781,0.0,1.75,7.0,12.25,168.0
65,8.0,36.75,61.90718859712497,0.0,7.0,10.5,26.25,182.0
66,7.0,38.0,69.9833313487338,0.0,10.5,14.0,17.5,196.0
67,5.0,39.2,66.70232379760094,0.0,0.0,0.0,42.0,154.0
68,8.0,34.125,68.63035042894653,0.0,7.0,7.0,21.0,203.0
69,4.0,49.0,74.73954776421918,7.0,12.25,14.0,50.75,161.0
70,8.0,46.375,71.96613787052908,0.0,5.25,14.0,47.25,203.0
71,5.0,33.6,71.28323786136542,0.0,0.0,0.0,7.0,161.0
72,6.0,47.833333333333336,79.74062118310006,7.0,14.0,14.0,24.5,210.0
73,7.0,40.0,78.33687935236294,0.0,7.0,14.0,17.5,217.0
74,8.0,46.375,84.32748662209731,0.0,7.0,14.0,36.75,252.0
75,8.0,34.125,65.71244174431506,0.0,7.0,14.0,15.75,196.0
76,6.0,70.0,121.64703037887936,0.0,1.75,10.5,71.75,308.0
77,8.0,34.125,79.76292998630379,0.0,0.0,7.0,14.0,231.0
78,6.0,38.5,71.07671911392646,0.0,1.75,10.5,24.5,182.0
79,10.0,28.0,62.435744747878374,0.0,0.0,7.0,14.0,203.0
80,9.0,37.333333333333336,70.95597226449652,0.0,7.0,14.0,14.0,224.0
81,8.0,38.5,78.48566748139433,0.0,7.0,7.0,19.25,231.0
82,5.0,42.0,82.38021607157874,0.0,0.0,7.0,14.0,189.0
83,7.0,35.0,71.27178029673924,0.0,3.5,14.0,14.0,196.0
84,7.0,46.0,67.85032547207616,0.0,10.5,28.0,38.5,196.0
85,10.0,28.7,61.59734842778001,0.0,7.0,10.5,14.0,203.0
86,9.0,33.44444444444444,69.36517698224215,0.0,7.0,7.0,21.0,217.0
87,6.0,49.0,74.34514106516981,0.0,5.25,24.5,43.75,196.0
88,7.0,50.0,77.25714637926168,0.0,7.0,7.0,59.5,210.0
89,7.0,37.0,85.70492012325391,0.0,0.0,7.0,10.5,231.0
90,8.0,33.25,67.21978875301528,0.0,0.0,7.0,21.0,196.0
91,8.0,33.25,69.57370192824297,0.0,0.0,7.0,19.25,203.0
92,7.0,46.0,94.33627792812972,0.0,7.0,7.0,21.0,259.0
93,7.0,44.0,95.09994742374992,0.0,3.5,7.0,17.5,259.0
94,5.0,47.6,75.94274158864691,0.0,7.0,21.0,28.0,182.0
95,8.0,33.25,77.20427449306159,0.0,5.25,7.0,8.75,224.0
96,8.0,33.25,66.06436255652514,0.0,7.0,10.5,15.75,196.0
97,7.0,45.0,72.39244896166082,0.0,0.0,28.0,42.0,203.0
98,8.0,34.125,74.21674339392695,0.0,5.25,7.0,15.75,217.0
99,8.0,32.375,66.61174821305923,0.0,5.25,7.0,21.0,196.0
100,8.0,35.875,68.42605497907942,0.0,0.0,17.5,22.75,203.0
101,7.0,37.0,76.4373381709925,0.0,7.0,7.0,14.0,210.0
102,7.0,40.0,78.23255929172542,7.0,7.0,7.0,17.5,217.0
103,4.0,52.5,87.33651393699354,0.0,0.0,14.0,66.5,182.0
104,8.0,35.0,79.37253933193772,0.0,5.25,7.0,14.0,231.0
105,4.0,52.5,91.1793105187063,0.0,5.25,10.5,57.75,189.0
106,6.0,53.666666666666664,85.12030701699018,7.0,7.0,17.5,43.75,224.0
107,5.0,43.4,81.69332898101288,0.0,0.0,14.0,14.0,189.0
108,6.0,60.666666666666664,104.17229318137652,14.0,14.0,17.5,26.25,273.0
109,7.0,52.0,116.07181684916742,0.0,7.0,7.0,14.0,315.0
110,8.0,43.75,104.21372270483384,0.0,0.0,7.0,15.75,301.0
111,8.0,39.375,70.5912529992208,0.0,0.0,17.5,31.5,210.0
112,5.0,109.2,228.84754750706855,0.0,0.0,0.0,28.0,518.0
113,8.0,38.5,91.9565114605812,0.0,7.0,7.0,7.0,266.0
114,6.0,43.166666666666664,85.32154866542606,0.0,7.0,10.5,14.0,217.0
115,10.0,32.9,64.41437037735533,0.0,1.75,10.5,19.25,210.0
116,8.0,49.875,100.22038215852103,0.0,5.25,14.0,24.5,294.0
117,8.0,44.625,84.74151874966603,0.0,5.25,17.5,29.75,252.0
118,5.0,47.6,91.18826678909957,0.0,0.0,7.0,21.0,210.0
119,7.0,42.0,77.9487010796203,0.0,3.5,21.0,24.5,217.0
120,4.0,87.5,84.870489570875,14.0,29.75,66.5,124.25,203.0
121,8.0,44.625,100.88173769320194,0.0,7.0,10.5,14.0,294.0
122,8.0,42.0,76.95453203028396,0.0,5.25,10.5,28.0,224.0
123,6.0,66.5,123.3867902167813,0.0,7.0,10.5,45.5,315.0
124,5.0,77.0,102.40117186829455,7.0,7.0,21.0,105.0,245.0
125,7.0,52.0,131.44707426692057,0.0,0.0,0.0,7.0,350.0
126,7.0,59.0,90.17575431714818,0.0,0.0,7.0,98.0,210.0
127,8.0,35.0,76.58981655546643,0.0,5.25,10.5,14.0,224.0
128,7.0,63.0,136.33537080792107,0.0,3.5,14.0,24.5,371.0
129,7.0,46.0,100.29456615390487,0.0,7.0,7.0,14.0,273.0
130,5.0,70.0,93.91485505499116,0.0,7.0,49.0,63.0,231.0
131,7.0,53.0,88.06815542521599,0.0,3.5,7.0,63.0,231.0
132,7.0,40.0,76.00877142365434,0.0,3.5,7.0,28.0,210.0
133,4.0,84.0,163.3666632660001,0.0,0.0,3.5,87.5,329.0
134,7.0,43.0,80.6701101193414,0.0,3.5,14.0,28.0,224.0
135,7.0,45.0,82.61355820929153,0.0,7.0,21.0,24.5,231.0
136,8.0,37.625,84.57614912018636,0.0,0.0,7.0,14.0,245.0
137,7.0,42.0,98.82982006122107,0.0,3.5,7.0,7.0,266.0
138,6.0,46.666666666666664,93.88006533160629,0.0,7.0,10.5,14.0,238.0
139,3.0,77.0,115.2345434320803,7.0,10.5,14.0,112.0,210.0
