id,count,mean,std,min,25%,50%,75%,max
0,6.0,44.333333333333336,48.83304891839815,7.0,21.0,24.5,43.75,140.0
1,8.0,40.25,45.0166635813895,7.0,17.5,21.0,43.75,140.0
2,7.0,44.0,44.219151205482596,14.0,17.5,35.0,42.0,140.0
3,6.0,46.666666666666664,49.03332200317114,7.0,15.75,35.0,49.0,140.0
4,7.0,48.0,51.980765673468106,7.0,10.5,21.0,73.5,140.0
5,8.0,37.625,46.42332387927431,7.0,12.25,14.0,43.75,140.0
6,4.0,49.0,61.29165250396392,7.0,17.5,24.5,56.0,140.0
7,10.0,27.3,40.60938588826753,7.0,7.0,14.0,21.0,140.0
8,5.0,60.2,58.27263508714875,7.0,7.0,49.0,98.0,140.0
9,10.0,29.4,40.65628282729907,7.0,7.0,14.0,33.25,140.0
10,4.0,45.5,63.773035054010094,7.0,7.0,17.5,56.0,140.0
11,5.0,33.6,59.4794082014944,7.0,7.0,7.0,7.0,140.0
12,5.0,44.8,55.25124432987913,7.0,7.0,28.0,42.0,140.0
13,7.0,35.0,46.783187863447985,7.0,14.0,21.0,24.5,140.0
14,7.0,46.0,49.47389884238624,7.0,10.5,28.0,63.0,140.0
15,6.0,35.0,52.1957852704603,7.0,7.0,14.0,26.25,140.0
16,6.0,52.5,48.64874099090335,7.0,19.25,42.0,64.75,140.0
17,8.0,53.375,45.816208922170766,14.0,19.25,35.0,77.0,140.0
18,6.0,43.166666666666664,49.97365972856768,7.0,10.5,31.5,42.0,140.0
19,9.0,31.11111111111111,42.73887119603314,7.0,7.0,14.0,28.0,140.0
20,9.0,32.666666666666664,42.57933771208754,7.0,7.0,14.0,28.0,140.0
21,8.0,42.875,40.02655368627182,14.0,26.25,35.0,35.0,140.0
22,1.0,140.0,,140.0,140.0,140.0,140.0,140.0
23,6.0,37.333333333333336,51.3757400595521,7.0,8.75,17.5,31.5,140.0
24,9.0,42.0,39.287402561126385,7.0,21.0,28.0,42.0,140.0
25,8.0,28.875,45.892537519731896,7.0,7.0,7.0,28.0,140.0
26,8.0,37.625,44.733935664101814,7.0,7.0,24.5,40.25,140.0
27,8.0,49.875,40.201057200028956,7.0,26.25,49.0,50.75,140.0
28,10.0,32.2,39.89931773295824,7.0,8.75,21.0,33.25,140.0
29,9.0,38.888888888888886,42.73887119603314,7.0,7.0,28.0,56.0,140.0
30,5.0,37.8,57.42560404558231,7.0,7.0,14.0,21.0,140.0
31,5.0,60.2,50.13681282251596,7.0,35.0,49.0,70.0,140.0
32,9.0,35.0,43.71498598878879,7.0,7.0,14.0,42.0,140.0
33,1.0,140.0,,140.0,140.0,140.0,140.0,140.0
34,7.0,35.0,47.648014998878324,7.0,7.0,21.0,31.5,140.0
35,5.0,42.0,56.652449196835256,7.0,7.0,14.0,42.0,140.0
36,6.0,51.333333333333336,53.43282386947808,14.0,15.75,35.0,54.25,154.0
37,7.0,48.0,55.62373594069352,7.0,10.5,21.0,63.0,161.0
38,8.0,44.625,49.062460191066656,7.0,19.25,31.5,43.75,161.0
39,7.0,40.0,52.02563470700446,7.0,10.5,21.0,38.5,154.0
40,7.0,49.0,63.258727988054474,7.0,7.0,14.0,70.0,168.0
41,9.0,42.77777777777778,50.531618264651335,7.0,14.0,21.0,49.0,168.0
42,3.0,60.666666666666664,75.5005518743627,7.0,17.5,28.0,87.5,147.0
43,11.0,26.09090909090909,43.047542428005215,7.0,7.0,14.0,21.0,154.0
44,6.0,45.5,62.88322510813198,7.0,7.0,10.5,61.25,161.0
45,8.0,42.875,52.57494650496565,7.0,19.25,24.5,35.0,168.0
46,3.0,58.333333333333336,82.92365967161201,7.0,10.5,14.0,84.0,154.0
47,7.0,35.0,53.46338310781813,7.0,7.0,14.0,28.0,154.0
48,6.0,37.333333333333336,54.34212607790264,7.0,8.75,17.5,26.25,147.0
49,7.0,43.0,57.07305260219864,7.0,10.5,21.0,42.0,168.0
50,9.0,31.11111111111111,48.13118647105129,7.0,7.0,7.0,21.0,154.0
51,6.0,36.166666666666664,56.07286925659027,7.0,7.0,7.0,33.25,147.0
52,7.0,54.0,58.24660218988458,7.0,17.5,42.0,59.5,175.0
53,7.0,69.0,51.34848261308864,21.0,31.5,56.0,87.5,168.0
54,6.0,50.166666666666664,56.07286925659027,7.0,22.75,31.5,45.5,161.0
55,9.0,36.55555555555556,42.97706106491901,7.0,14.0,28.0,35.0,147.0
56,7.0,49.0,56.72448031200168,7.0,10.5,21.0,66.5,161.0
57,7.0,58.0,53.724606404638585,14.0,35.0,42.0,52.5,175.0
58,2.0,77.0,98.99494936611666,7.0,42.0,77.0,112.0,147.0
59,6.0,43.166666666666664,68.35910083278354,7.0,10.5,21.0,21.0,182.0
60,7.0,53.0,50.77729151238114,14.0,24.5,35.0,56.0,161.0
61,5.0,53.2,59.10752913123674,7.0,14.0,42.0,49.0,154.0
62,7.0,48.0,52.91502622129181,7.0,17.5,35.0,49.0,161.0
63,8.0,49.0,47.47630988187688,7.0,19.25,35.0,59.5,154.0
64,8.0,47.25,42.78434293056281,14.0,26.25,35.0,42.0,147.0
65,8.0,47.25,53.40880077290633,7.0,19.25,24.5,50.75,168.0
66,7.0,38.0,61.27261487266015,7.0,7.0,14.0,28.0,175.0
67,4.0,70.0,55.11805511808268,21.0,36.75,56.0,89.25,147.0
68,6.0,60.666666666666664,63.33614028867457,7.0,22.75,49.0,59.5,182.0
69,2.0,80.5,103.94469683442249,7.0,43.75,80.5,117.25,154.0
70,5.0,53.2,76.45717755711364,7.0,14.0,28.0,28.0,189.0
71,4.0,49.0,65.91408549518583,7.0,12.25,21.0,57.75,147.0
72,5.0,54.6,67.3965874507011,7.0,7.0,28.0,63.0,168.0
73,8.0,49.875,64.20377714745449,7.0,7.0,17.5,70.0,189.0
74,6.0,44.333333333333336,67.81936793178382,7.0,14.0,17.5,26.25,182.0
75,8.0,38.5,58.20652884342099,7.0,7.0,14.0,31.5,175.0
76,5.0,57.4,74.64114147037141,7.0,21.0,28.0,42.0,189.0
77,8.0,46.375,64.1492400578526,7.0,19.25,28.0,31.5,203.0
78,5.0,47.6,71.79693586776528,7.0,7.0,21.0,28.0,175.0
79,8.0,38.5,64.8074069840786,7.0,7.0,10.5,35.0,196.0
80,8.0,41.125,63.54624300460256,7.0,7.0,10.5,38.5,189.0
81,8.0,49.0,66.3023378170031,7.0,19.25,28.0,38.5,210.0
82,4.0,49.0,84.0,7.0,7.0,7.0,49.0,175.0
83,6.0,42.0,68.87089370699353,7.0,8.75,17.5,21.0,182.0
84,7.0,36.0,61.61439225808637,7.0,7.0,14.0,21.0,175.0
85,10.0,35.0,54.621932916691584,7.0,7.0,14.0,29.75,182.0
86,9.0,39.666666666666664,62.02015801334273,7.0,14.0,21.0,28.0,203.0
87,5.0,50.4,64.23239058294499,7.0,7.0,28.0,49.0,161.0
88,7.0,51.0,61.652250567193406,14.0,21.0,35.0,38.5,189.0
89,6.0,56.0,59.726041221564316,14.0,24.5,38.5,47.25,175.0
90,7.0,57.0,65.22014003869255,7.0,21.0,28.0,63.0,196.0
91,8.0,47.25,56.4668044075455,14.0,14.0,28.0,49.0,182.0
92,6.0,52.5,68.40687099992222,7.0,17.5,28.0,43.75,189.0
93,6.0,66.5,84.32022295985702,7.0,17.5,35.0,68.25,231.0
94,4.0,52.5,86.39637338067688,7.0,7.0,10.5,56.0,182.0
95,7.0,48.0,66.33752080585064,7.0,17.5,21.0,38.5,196.0
96,7.0,61.0,62.048368229954285,14.0,31.5,35.0,59.5,196.0
97,4.0,59.5,72.63378460927578,14.0,24.5,28.0,63.0,168.0
98,8.0,50.75,60.76594440967737,7.0,21.0,31.5,45.5,196.0
99,7.0,55.0,58.48646567084274,14.0,21.0,35.0,56.0,182.0
100,8.0,49.0,54.86346689738081,7.0,12.25,38.5,52.5,175.0
101,8.0,56.0,58.20652884342099,7.0,24.5,38.5,61.25,189.0
102,7.0,46.0,73.2893807678393,7.0,10.5,21.0,31.5,210.0
103,4.0,82.25,53.730035051790786,42.0,52.5,63.0,92.75,161.0
104,8.0,52.5,66.3023378170031,7.0,19.25,28.0,52.5,210.0
105,4.0,57.75,73.72188729723804,14.0,19.25,24.5,63.0,168.0
106,5.0,77.0,86.15973537563819,14.0,21.0,21.0,119.0,210.0
107,3.0,65.33333333333333,89.1870693168765,7.0,14.0,21.0,94.5,168.0
108,4.0,66.5,100.55015332327113,7.0,17.5,21.0,70.0,217.0
109,5.0,68.6,87.48599887982077,14.0,28.0,35.0,42.0,224.0
110,8.0,49.0,85.56868586112562,7.0,12.25,21.0,26.25,259.0
111,6.0,53.666666666666664,74.56451345423416,7.0,12.25,31.5,40.25,203.0
112,5.0,84.0,131.70421405558744,7.0,7.0,21.0,70.0,315.0
113,8.0,49.0,76.68115805072325,14.0,19.25,21.0,29.75,238.0
114,4.0,63.0,84.77420991472977,7.0,17.5,28.0,73.5,189.0
115,7.0,45.0,73.95494123676478,7.0,7.0,14.0,35.0,210.0
116,8.0,42.0,76.95453203028396,7.0,7.0,14.0,24.5,231.0
117,7.0,58.0,82.10359310042405,7.0,14.0,28.0,52.5,238.0
118,5.0,49.0,86.15973537563819,7.0,7.0,14.0,14.0,203.0
119,6.0,46.666666666666664,80.50507230396522,7.0,7.0,14.0,26.25,210.0
120,3.0,81.66666666666667,106.0062891216051,7.0,21.0,35.0,119.0,203.0
121,8.0,39.375,69.59256425797227,7.0,7.0,14.0,28.0,210.0
122,6.0,50.166666666666664,85.89392683226602,7.0,7.0,14.0,31.5,224.0
123,3.0,74.66666666666667,111.19502386947597,7.0,10.5,14.0,108.5,203.0
124,4.0,98.0,91.804139340228,7.0,38.5,84.0,143.5,217.0
125,6.0,56.0,89.64373932405988,7.0,15.75,21.0,31.5,238.0
126,7.0,43.0,70.74602462329597,7.0,14.0,21.0,21.0,203.0
127,8.0,53.375,66.82159082212874,14.0,26.25,31.5,42.0,217.0
128,6.0,66.5,100.73678573391152,7.0,7.0,28.0,59.5,266.0
129,7.0,65.0,92.48783703817492,7.0,14.0,28.0,63.0,266.0
130,4.0,52.5,91.0,7.0,7.0,7.0,52.5,189.0
131,7.0,61.0,78.44106067615353,14.0,17.5,21.0,63.0,231.0
132,6.0,63.0,70.55777774278326,7.0,31.5,42.0,52.5,203.0
133,4.0,66.5,96.0642146344482,7.0,17.5,24.5,73.5,210.0
134,7.0,57.0,75.87050371081857,7.0,17.5,35.0,49.0,224.0
135,6.0,65.33333333333333,73.63875791094434,7.0,14.0,45.5,77.0,203.0
136,7.0,55.0,71.77743377970545,7.0,14.0,21.0,59.5,210.0
137,6.0,65.33333333333333,74.69582763894292,21.0,35.0,38.5,42.0,217.0
138,6.0,54.833333333333336,84.16511549725733,7.0,14.0,17.5,42.0,224.0
139,4.0,84.0,76.25396164571823,21.0,31.5,63.0,115.5,189.0
