id,count,mean,std,min,25%,50%,75%,max
0,61.0,33.278688524590166,35.06191245380139,7.0,7.0,21.0,42.0,175.0
1,78.0,37.96153846153846,38.860203095395484,7.0,7.0,24.5,56.0,224.0
2,66.0,39.45454545454545,41.23261659570821,7.0,7.0,21.0,56.0,161.0
3,59.0,44.847457627118644,39.40803942105094,7.0,14.0,35.0,56.0,168.0
4,56.0,33.875,36.72109252682491,7.0,7.0,21.0,49.0,147.0
5,80.0,35.175,36.278729340091914,7.0,7.0,21.0,49.0,168.0
6,28.0,35.5,30.89228598426043,7.0,7.0,28.0,49.0,140.0
7,80.0,35.35,52.45301695176143,7.0,7.0,17.5,42.0,406.0
8,68.0,38.60294117647059,45.21165472047724,7.0,7.0,14.0,57.75,189.0
9,62.0,25.177419354838708,30.53754700098965,7.0,7.0,14.0,28.0,154.0
10,16.0,17.5,33.81321240777535,7.0,7.0,7.0,7.0,140.0
11,34.0,13.382352941176471,22.95055912157414,7.0,7.0,7.0,12.25,140.0
12,53.0,28.79245283018868,38.060861428954524,7.0,7.0,7.0,28.0,168.0
13,69.0,16.130434782608695,18.37590577477688,7.0,7.0,7.0,21.0,140.0
14,67.0,30.507462686567163,38.52798004690616,7.0,7.0,14.0,35.0,217.0
15,30.0,36.86666666666667,31.030278131520834,7.0,7.0,35.0,61.25,140.0
16,71.0,39.140845070422536,38.09472995972311,7.0,10.5,28.0,52.5,154.0
17,63.0,56.22222222222222,86.17320226456985,7.0,7.0,28.0,66.5,525.0
18,78.0,26.384615384615383,27.63219972312124,7.0,7.0,14.0,42.0,140.0
19,75.0,33.32,39.07344435872085,7.0,7.0,14.0,45.5,217.0
20,71.0,26.52112676056338,36.39068136406414,7.0,7.0,7.0,28.0,175.0
21,68.0,55.38235294117647,74.25591677752412,7.0,14.0,28.0,70.0,483.0
22,48.0,18.229166666666668,27.081625696302098,7.0,7.0,7.0,15.75,140.0
23,66.0,50.59090909090909,70.8647633546792,7.0,14.0,24.5,56.0,490.0
24,76.0,31.960526315789473,37.02879628594433,7.0,7.0,14.0,35.0,182.0
25,37.0,16.27027027027027,23.278087751560893,7.0,7.0,7.0,14.0,140.0
26,67.0,51.92537313432836,92.97854321274734,7.0,7.0,21.0,49.0,651.0
27,65.0,40.38461538461539,47.55315851355601,7.0,7.0,14.0,56.0,203.0
28,78.0,34.55128205128205,48.21236771755149,7.0,7.0,7.0,47.25,252.0
29,69.0,28.608695652173914,30.458852374630595,7.0,7.0,14.0,35.0,140.0
30,55.0,35.0,37.406178931056594,7.0,7.0,14.0,49.0,154.0
31,28.0,23.25,30.18661096382768,7.0,7.0,7.0,21.0,140.0
32,63.0,41.666666666666664,42.883187170912144,7.0,7.0,28.0,63.0,231.0
33,19.0,21.0,30.77878056930348,7.0,7.0,14.0,17.5,140.0
34,68.0,33.25,39.14053325241727,7.0,7.0,14.0,36.75,147.0
35,18.0,24.11111111111111,34.05858082927965,7.0,7.0,7.0,21.0,140.0
36,58.0,32.46551724137931,34.33540217778472,7.0,7.0,17.5,42.0,154.0
37,74.0,39.63513513513514,42.35452922500614,7.0,7.0,21.0,49.0,231.0
38,72.0,39.47222222222222,39.129964823710885,7.0,14.0,28.0,42.0,175.0
39,68.0,40.970588235294116,38.89479518118238,7.0,7.0,24.5,57.75,168.0
40,51.0,41.450980392156865,46.53485305681762,7.0,7.0,21.0,56.0,168.0
41,69.0,43.21739130434783,42.73064390327797,7.0,14.0,28.0,56.0,161.0
42,34.0,31.705882352941178,35.24247558786837,7.0,7.0,17.5,42.0,147.0
43,77.0,32.18181818181818,48.792451765434954,7.0,7.0,14.0,35.0,308.0
44,73.0,38.45205479452055,44.16605065478914,7.0,7.0,14.0,56.0,189.0
45,72.0,24.305555555555557,27.751735836529797,7.0,7.0,14.0,28.0,175.0
46,18.0,17.11111111111111,33.1145762980397,7.0,7.0,7.0,7.0,147.0
47,36.0,17.305555555555557,25.732491350646775,7.0,7.0,7.0,21.0,154.0
48,44.0,34.36363636363637,36.78794728629354,7.0,7.0,14.0,49.0,147.0
49,79.0,19.227848101265824,22.43106212095332,7.0,7.0,14.0,21.0,161.0
50,75.0,26.88,39.27964881221332,7.0,7.0,14.0,28.0,266.0
51,35.0,34.6,37.655715916398016,7.0,7.0,21.0,42.0,161.0
52,68.0,40.970588235294116,40.78555882422158,7.0,7.0,28.0,56.0,168.0
53,66.0,57.90909090909091,87.39155517602326,7.0,8.75,28.0,56.0,532.0
54,72.0,28.48611111111111,28.204481241964466,7.0,7.0,21.0,36.75,168.0
55,79.0,31.455696202531644,37.37605069901369,7.0,7.0,14.0,31.5,168.0
56,68.0,29.544117647058822,38.31855239200443,7.0,7.0,14.0,35.0,161.0
57,67.0,55.582089552238806,76.26253483729766,7.0,7.0,28.0,59.5,490.0
58,48.0,16.333333333333332,25.355626622476507,7.0,7.0,7.0,14.0,147.0
59,67.0,51.40298507462686,87.4771069102,7.0,7.0,28.0,59.5,630.0
60,75.0,33.32,40.60260942220207,7.0,7.0,14.0,38.5,175.0
61,54.0,13.351851851851851,21.339269679822785,7.0,7.0,7.0,14.0,154.0
62,71.0,52.15492957746479,81.9140050623342,7.0,14.0,28.0,59.5,581.0
63,76.0,40.80263157894737,44.644975749227626,7.0,7.0,28.0,63.0,259.0
64,77.0,34.27272727272727,43.144688141560785,7.0,7.0,14.0,42.0,224.0
65,82.0,29.024390243902438,30.004927829742428,7.0,7.0,21.0,35.0,168.0
66,58.0,34.87931034482759,41.14163707572193,7.0,7.0,21.0,42.0,196.0
67,28.0,26.5,32.907839885442584,7.0,7.0,14.0,28.0,147.0
68,69.0,40.27536231884058,42.687608085461655,7.0,7.0,28.0,56.0,224.0
69,25.0,16.52,29.690234084627892,7.0,7.0,7.0,14.0,154.0
70,72.0,35.291666666666664,46.95650894598497,7.0,7.0,14.0,35.0,231.0
71,26.0,22.884615384615383,30.771840273960766,7.0,7.0,14.0,19.25,147.0
72,56.0,35.375,38.466307571455545,7.0,7.0,14.0,56.0,161.0
73,71.0,41.2112676056338,41.371113280699944,7.0,7.0,28.0,52.5,196.0
74,61.0,40.16393442622951,42.73062146668313,7.0,7.0,21.0,63.0,196.0
75,72.0,41.22222222222222,38.72664120026609,7.0,12.25,28.0,63.0,175.0
76,57.0,42.73684210526316,53.76288095350781,7.0,7.0,14.0,49.0,210.0
77,74.0,39.91891891891892,42.66170100994368,7.0,8.75,28.0,56.0,217.0
78,36.0,33.44444444444444,37.49548120922188,7.0,7.0,10.5,52.5,175.0
79,72.0,34.513888888888886,47.698582095899994,7.0,7.0,14.0,29.75,189.0
80,68.0,42.51470588235294,55.22828948658193,7.0,7.0,14.0,52.5,231.0
81,72.0,27.90277777777778,34.302777665308035,7.0,7.0,14.0,36.75,189.0
82,14.0,21.0,46.51385236183369,7.0,7.0,7.0,7.0,182.0
83,33.0,19.09090909090909,31.072861588092067,7.0,7.0,7.0,21.0,182.0
84,48.0,32.958333333333336,53.699303982704926,7.0,7.0,14.0,35.0,259.0
85,75.0,19.32,24.704283467075538,7.0,7.0,14.0,21.0,182.0
86,81.0,31.80246913580247,52.45388921545437,7.0,7.0,14.0,35.0,350.0
87,41.0,35.51219512195122,40.436445164739396,7.0,7.0,7.0,56.0,175.0
88,70.0,41.8,44.971681911098706,7.0,7.0,28.0,56.0,189.0
89,69.0,55.289855072463766,78.61280793889448,7.0,7.0,28.0,56.0,518.0
90,65.0,32.63076923076923,33.8722642948702,7.0,7.0,21.0,42.0,196.0
91,78.0,35.17948717948718,37.33100225822673,7.0,7.0,21.0,42.0,175.0
92,74.0,30.743243243243242,41.482480477878326,7.0,7.0,14.0,28.0,224.0
93,62.0,59.38709677419355,81.74878649296544,7.0,14.0,28.0,75.25,483.0
94,53.0,19.28301886792453,27.86186900689416,7.0,7.0,7.0,21.0,168.0
95,67.0,59.656716417910445,107.25508425312823,7.0,14.0,21.0,63.0,672.0
96,77.0,35.27272727272727,45.55581780503086,7.0,7.0,14.0,42.0,252.0
97,38.0,19.710526315789473,32.33933918890373,7.0,7.0,7.0,14.0,182.0
98,68.0,53.94117647058823,77.85537344791727,7.0,7.0,28.0,56.0,504.0
99,74.0,40.95945945945946,46.108995107688045,7.0,7.0,24.5,56.0,259.0
100,85.0,32.94117647058823,39.52164956468449,7.0,7.0,14.0,42.0,196.0
101,77.0,28.545454545454547,31.891900248110126,7.0,7.0,14.0,42.0,175.0
102,60.0,35.93333333333333,41.49203177195558,7.0,12.25,21.0,42.0,210.0
103,27.0,25.14814814814815,36.74726960417363,7.0,7.0,7.0,28.0,175.0
104,67.0,41.26865671641791,46.162290162173875,7.0,7.0,21.0,52.5,224.0
105,20.0,17.85,38.97269624534052,7.0,7.0,7.0,8.75,182.0
106,67.0,39.38805970149254,52.76217516361871,7.0,7.0,14.0,49.0,273.0
107,27.0,21.0,34.237855791955916,7.0,7.0,7.0,17.5,168.0
108,53.0,38.56603773584906,47.883877740426236,7.0,7.0,21.0,42.0,210.0
109,74.0,39.351351351351354,42.8496679012186,7.0,7.0,14.0,63.0,238.0
110,73.0,41.136986301369866,48.45453627098211,7.0,7.0,21.0,49.0,315.0
111,69.0,40.98550724637681,38.043895990886476,7.0,14.0,28.0,56.0,196.0
112,57.0,43.35087719298246,56.14728438544155,7.0,7.0,21.0,63.0,273.0
113,77.0,38.63636363636363,43.08526097076192,7.0,7.0,21.0,49.0,224.0
114,35.0,35.2,41.63765264333544,7.0,7.0,14.0,56.0,203.0
115,75.0,33.6,44.25692799636771,7.0,7.0,14.0,35.0,203.0
116,78.0,37.333333333333336,56.302214822681655,7.0,7.0,14.0,40.25,280.0
117,70.0,26.5,34.39402964705239,7.0,7.0,14.0,33.25,224.0
118,18.0,21.0,46.86526369472886,7.0,7.0,7.0,7.0,203.0
119,39.0,16.871794871794872,32.900311538422194,7.0,7.0,7.0,14.0,210.0
120,54.0,36.68518518518518,60.44514871183003,7.0,7.0,14.0,35.0,287.0
121,74.0,20.81081081081081,30.14652603883725,7.0,7.0,7.0,21.0,217.0
122,75.0,34.44,51.9613265752469,7.0,7.0,14.0,35.0,266.0
123,44.0,29.90909090909091,39.95219130225536,7.0,7.0,7.0,35.0,203.0
124,72.0,36.94444444444444,42.785047042059404,7.0,7.0,21.0,49.0,196.0
125,69.0,52.14492753623188,81.30195630421036,7.0,14.0,28.0,56.0,581.0
126,70.0,28.9,34.27051379746194,7.0,7.0,14.0,35.0,210.0
127,76.0,34.26315789473684,39.22630696222544,7.0,7.0,21.0,42.0,210.0
128,71.0,33.91549295774648,45.927192840990415,7.0,7.0,14.0,42.0,259.0
129,66.0,56.74242424242424,87.76670309687024,7.0,7.0,35.0,49.0,469.0
130,46.0,21.0,31.753914894247465,7.0,7.0,7.0,21.0,189.0
131,63.0,58.22222222222222,105.50178785282915,7.0,7.0,21.0,56.0,630.0
132,75.0,36.77333333333333,44.39277191388479,7.0,7.0,21.0,45.5,252.0
133,33.0,20.363636363636363,37.87299349620566,7.0,7.0,7.0,14.0,217.0
134,65.0,57.50769230769231,73.96200947887941,7.0,14.0,35.0,63.0,413.0
135,68.0,43.955882352941174,47.71977712710507,7.0,7.0,24.5,57.75,203.0
136,82.0,33.292682926829265,45.836932600730414,7.0,7.0,14.0,35.0,238.0
137,73.0,27.616438356164384,32.7891539219341,7.0,7.0,14.0,42.0,210.0
138,61.0,33.622950819672134,45.63118960185976,7.0,7.0,14.0,42.0,224.0
139,31.0,26.193548387096776,40.775335154836526,7.0,7.0,7.0,24.5,196.0
