id,count,mean,std,min,25%,50%,75%,max
0,27.0,18.962962962962962,22.039268243962745,7.0,7.0,14.0,21.0,120.0
1,33.0,28.87878787878788,25.51685420432637,7.0,7.0,21.0,42.0,120.0
2,39.0,23.53846153846154,22.220007761908438,7.0,7.0,14.0,28.0,120.0
3,34.0,24.529411764705884,27.850504912584938,7.0,7.0,14.0,28.0,120.0
4,30.0,24.066666666666666,28.27809354805666,7.0,7.0,7.0,26.25,120.0
5,39.0,20.128205128205128,22.206186296875742,7.0,7.0,14.0,21.0,120.0
6,17.0,19.823529411764707,27.589027017361555,7.0,7.0,7.0,21.0,120.0
7,44.0,16.727272727272727,20.88101801443691,7.0,7.0,7.0,21.0,120.0
8,39.0,17.794871794871796,21.71972119523914,7.0,7.0,7.0,21.0,120.0
9,40.0,17.175,22.476069895529285,7.0,7.0,7.0,15.75,120.0
10,7.0,28.142857142857142,42.55360764740781,7.0,7.0,7.0,24.5,120.0
11,17.0,14.058823529411764,27.352949082857812,7.0,7.0,7.0,7.0,120.0
12,18.0,16.0,26.40187159141207,7.0,7.0,7.0,14.0,120.0
13,31.0,18.774193548387096,23.106578684318965,7.0,7.0,7.0,21.0,120.0
14,38.0,17.710526315789473,20.184162770413145,7.0,7.0,10.5,21.0,120.0
15,17.0,22.705882352941178,29.85331787649899,7.0,7.0,7.0,21.0,120.0
16,42.0,24.19047619047619,26.289419271284228,7.0,7.0,17.5,26.25,120.0
17,40.0,22.425,23.84015950299421,7.0,7.0,14.0,29.75,120.0
18,41.0,17.78048780487805,20.116550642595204,7.0,7.0,14.0,21.0,120.0
19,45.0,18.22222222222222,22.508472030133742,7.0,7.0,7.0,21.0,120.0
20,27.0,20.77777777777778,24.595705274472575,7.0,7.0,14.0,21.0,120.0
21,44.0,22.136363636363637,21.611356735700713,7.0,7.0,14.0,28.0,120.0
22,23.0,13.434782608695652,23.97882794723963,7.0,7.0,7.0,7.0,120.0
23,37.0,24.43243243243243,32.60669711419261,7.0,7.0,14.0,21.0,147.0
24,44.0,22.136363636363637,21.92544545869862,7.0,7.0,14.0,28.0,120.0
25,20.0,14.75,25.997722572320992,7.0,7.0,7.0,7.0,120.0
26,39.0,21.025641025641026,20.691324369975348,7.0,7.0,14.0,21.0,120.0
27,37.0,22.91891891891892,20.58232572213675,7.0,7.0,14.0,35.0,120.0
28,43.0,18.41860465116279,20.096472751561745,7.0,7.0,14.0,21.0,120.0
29,40.0,18.05,20.111165415235746,7.0,7.0,14.0,21.0,120.0
30,29.0,15.96551724137931,21.978045471757053,7.0,7.0,7.0,21.0,120.0
31,12.0,25.166666666666668,33.81993315764947,7.0,7.0,7.0,28.0,120.0
32,36.0,21.22222222222222,21.72044607685988,7.0,7.0,14.0,28.0,120.0
33,11.0,17.90909090909091,33.92478311044757,7.0,7.0,7.0,7.0,120.0
34,42.0,16.357142857142858,20.38031262903351,7.0,7.0,7.0,19.25,120.0
35,9.0,21.88888888888889,37.112815995436286,7.0,7.0,7.0,14.0,120.0
36,33.0,21.454545454545453,27.531902982143855,7.0,7.0,7.0,21.0,148.0
37,43.0,26.069767441860463,24.74286366461209,7.0,7.0,14.0,35.0,127.0
38,37.0,24.62162162162162,28.41982030531133,7.0,7.0,14.0,35.0,127.0
39,34.0,24.735294117647058,30.662689620438687,7.0,7.0,14.0,28.0,141.0
40,28.0,29.535714285714285,31.456592246573624,7.0,7.0,14.0,42.0,141.0
41,41.0,23.414634146341463,25.287324502362935,7.0,7.0,14.0,28.0,141.0
42,18.0,18.72222222222222,28.225573626340132,7.0,7.0,7.0,19.25,127.0
43,41.0,17.4390243902439,24.034401158014948,7.0,7.0,7.0,21.0,148.0
44,37.0,27.08108108108108,31.683660684244714,7.0,7.0,14.0,35.0,155.0
45,39.0,19.58974358974359,23.854512922602904,7.0,7.0,14.0,21.0,141.0
46,8.0,29.875,43.750714279883475,7.0,7.0,7.0,26.25,127.0
47,19.0,17.0,28.92711146619686,7.0,7.0,7.0,14.0,134.0
48,24.0,19.291666666666668,28.27117008492953,7.0,7.0,7.0,14.0,134.0
49,37.0,18.18918918918919,25.41307388578415,7.0,7.0,7.0,21.0,155.0
50,36.0,18.5,24.847535089018386,7.0,7.0,7.0,21.0,134.0
51,18.0,25.333333333333332,32.14123245193643,7.0,7.0,14.0,19.25,127.0
52,42.0,24.857142857142858,26.713996905405615,7.0,7.0,14.0,33.25,141.0
53,38.0,25.63157894736842,29.23846139020608,7.0,7.0,14.0,33.25,148.0
54,40.0,21.55,22.843896115671463,7.0,7.0,14.0,28.0,134.0
55,44.0,19.59090909090909,21.337071333897313,7.0,7.0,14.0,21.0,127.0
56,32.0,24.3125,33.85208575076903,7.0,7.0,10.5,29.75,148.0
57,40.0,25.575,24.603405538716874,7.0,7.0,21.0,35.0,141.0
58,22.0,14.681818181818182,28.534667909882405,7.0,7.0,7.0,7.0,141.0
59,36.0,26.083333333333332,29.083500477074622,7.0,7.0,17.5,29.75,148.0
60,41.0,23.414634146341463,24.60688481884298,7.0,7.0,14.0,28.0,148.0
61,25.0,15.72,25.039169315294785,7.0,7.0,7.0,7.0,127.0
62,42.0,22.023809523809526,21.461807365118812,7.0,7.0,17.5,28.0,127.0
63,36.0,32.111111111111114,32.56446597818616,7.0,7.0,24.5,42.0,148.0
64,43.0,21.511627906976745,25.138068354990107,7.0,7.0,14.0,21.0,141.0
65,43.0,20.372093023255815,21.282703972289166,7.0,7.0,14.0,28.0,134.0
66,28.0,19.035714285714285,26.69509892992171,7.0,7.0,10.5,21.0,141.0
67,12.0,29.25,38.81453570272588,7.0,7.0,10.5,38.5,141.0
68,37.0,21.783783783783782,26.926995061890274,7.0,7.0,14.0,21.0,148.0
69,9.0,21.11111111111111,39.77576034610917,7.0,7.0,7.0,7.0,127.0
70,35.0,23.62857142857143,30.82310603339998,7.0,7.0,7.0,28.0,148.0
71,11.0,21.09090909090909,37.99330084489776,7.0,7.0,7.0,10.5,134.0
72,27.0,20.77777777777778,28.810165584835524,7.0,7.0,14.0,21.0,155.0
73,41.0,28.195121951219512,31.46920678393016,7.0,7.0,14.0,35.0,162.0
74,39.0,25.153846153846153,34.155633319401254,7.0,7.0,14.0,24.5,155.0
75,39.0,23.71794871794872,34.31429709545564,7.0,7.0,7.0,21.0,169.0
76,34.0,24.529411764705884,29.69362271509699,7.0,7.0,10.5,33.25,155.0
77,36.0,27.444444444444443,31.233173247544205,7.0,7.0,14.0,42.0,176.0
78,17.0,21.470588235294116,37.23257586955747,7.0,7.0,7.0,21.0,162.0
79,41.0,22.048780487804876,31.20893399293878,7.0,7.0,7.0,21.0,169.0
80,36.0,28.61111111111111,33.43418078022018,7.0,7.0,17.5,36.75,169.0
81,29.0,23.689655172413794,34.58024151807324,7.0,7.0,14.0,21.0,183.0
82,14.0,20.071428571428573,39.56001144456995,7.0,7.0,7.0,7.0,155.0
83,19.0,20.31578947368421,35.292512003380715,7.0,7.0,14.0,14.0,162.0
84,30.0,19.4,32.61224648333283,7.0,7.0,7.0,14.0,169.0
85,36.0,18.694444444444443,27.08064089180888,7.0,7.0,14.0,21.0,162.0
86,34.0,21.852941176470587,46.488924945652336,7.0,7.0,7.0,14.0,231.0
87,15.0,33.2,39.22499203314132,7.0,7.0,21.0,35.0,148.0
88,40.0,25.75,28.98960910218411,7.0,7.0,14.0,35.0,176.0
89,37.0,26.513513513513512,34.12934679000335,7.0,7.0,7.0,35.0,162.0
90,35.0,23.82857142857143,30.627252103781228,7.0,7.0,14.0,28.0,183.0
91,41.0,20.170731707317074,26.65886572889438,7.0,7.0,7.0,28.0,162.0
92,37.0,19.513513513513512,28.298627392725468,7.0,7.0,14.0,21.0,169.0
93,45.0,21.955555555555556,26.34384140170108,7.0,7.0,14.0,21.0,169.0
94,26.0,14.038461538461538,30.35191034413586,7.0,7.0,7.0,7.0,162.0
95,40.0,25.575,37.73788649252998,7.0,7.0,14.0,21.0,183.0
96,45.0,23.044444444444444,27.669276985293436,7.0,7.0,14.0,28.0,176.0
97,15.0,23.4,38.46296920415791,7.0,7.0,7.0,17.5,155.0
98,41.0,23.75609756097561,26.86985344936299,7.0,7.0,21.0,28.0,162.0
99,37.0,30.2972972972973,32.18770026031758,7.0,7.0,14.0,42.0,155.0
100,45.0,23.977777777777778,28.260548222895213,7.0,7.0,14.0,28.0,176.0
101,40.0,21.55,26.210146792259568,7.0,7.0,14.0,21.0,169.0
102,30.0,19.866666666666667,32.23056306368691,7.0,7.0,10.5,21.0,183.0
103,14.0,27.571428571428573,42.01778796527138,7.0,7.0,7.0,26.25,162.0
104,41.0,23.926829268292682,29.86585863816947,7.0,7.0,14.0,28.0,176.0
105,10.0,23.9,46.534216801546506,7.0,7.0,7.0,7.0,155.0
106,36.0,23.36111111111111,35.16097900292943,7.0,7.0,14.0,21.0,197.0
107,14.0,19.571428571428573,41.19132523633191,7.0,7.0,7.0,7.0,162.0
108,29.0,21.03448275862069,33.211962946483915,7.0,7.0,14.0,21.0,176.0
109,39.0,26.58974358974359,32.73475374222483,7.0,7.0,14.0,35.0,190.0
110,36.0,25.5,35.09130946545027,7.0,7.0,14.0,29.75,204.0
111,44.0,23.09090909090909,30.92738545767096,7.0,7.0,14.0,21.0,176.0
112,24.0,32.708333333333336,38.94754461945012,7.0,14.0,21.0,29.75,197.0
113,39.0,27.846153846153847,37.40429081883413,7.0,7.0,14.0,35.0,225.0
114,17.0,22.294117647058822,42.5437491088326,7.0,7.0,7.0,14.0,183.0
115,44.0,18.954545454545453,30.49586670083497,7.0,7.0,7.0,21.0,190.0
116,38.0,29.31578947368421,40.53700695837903,7.0,7.0,21.0,33.25,204.0
117,37.0,24.243243243243242,35.88748265637214,7.0,7.0,14.0,21.0,197.0
118,7.0,39.142857142857146,67.37563499126514,7.0,7.0,7.0,28.0,190.0
119,19.0,18.105263157894736,38.44894845671206,7.0,7.0,7.0,14.0,176.0
