id,count,mean,std,min,25%,50%,75%,max
0,84.0,10.761904761904763,16.54393132837686,0.0,0.0,7.0,14.0,127.0
1,105.0,8.142857142857142,14.113842476467896,0.0,0.0,7.0,14.0,120.0
2,105.0,9.142857142857142,14.802175367303132,0.0,0.0,7.0,14.0,127.0
3,105.0,9.876190476190477,19.899118282600075,0.0,0.0,7.0,14.0,134.0
4,95.0,11.652631578947368,17.926426719120947,0.0,0.0,7.0,14.0,141.0
5,106.0,8.330188679245284,16.46278440726998,0.0,0.0,3.5,7.0,120.0
6,73.0,5.671232876712328,16.33848115690255,0.0,0.0,0.0,7.0,127.0
7,109.0,12.53211009174312,17.73287844411317,0.0,0.0,7.0,21.0,134.0
8,112.0,10.883928571428571,18.064820989986515,0.0,0.0,7.0,14.0,148.0
9,116.0,8.517241379310345,18.81372429608384,0.0,0.0,0.0,7.0,134.0
10,50.0,4.08,18.032668766911424,0.0,0.0,0.0,0.0,127.0
11,74.0,7.013513513513513,16.191908382743442,0.0,0.0,0.0,7.0,120.0
12,85.0,10.552941176470588,18.681226814481903,0.0,0.0,7.0,14.0,134.0
13,122.0,7.352459016393443,15.066750723840212,0.0,0.0,0.0,7.0,127.0
14,107.0,13.551401869158878,22.216445398160133,0.0,0.0,7.0,14.0,141.0
15,72.0,7.013888888888889,16.33409383110233,0.0,0.0,0.0,7.0,120.0
16,103.0,9.184466019417476,16.708426647521264,0.0,0.0,7.0,14.0,134.0
17,100.0,10.02,18.770264470241973,0.0,0.0,7.0,14.0,141.0
18,107.0,10.018691588785046,20.63655910894099,0.0,0.0,7.0,10.5,140.0
19,110.0,9.618181818181819,14.757975183820843,0.0,0.0,7.0,14.0,127.0
20,108.0,12.12962962962963,17.89903803220626,0.0,0.0,7.0,14.0,120.0
21,100.0,11.35,22.097294043398254,0.0,0.0,7.0,14.0,147.0
22,69.0,10.565217391304348,19.202081888407434,0.0,0.0,0.0,14.0,120.0
23,99.0,12.878787878787879,25.10600900803806,0.0,0.0,7.0,14.0,189.0
24,107.0,11.0,17.652302217696864,0.0,0.0,7.0,14.0,155.0
25,74.0,8.527027027027026,18.012342019097854,0.0,0.0,0.0,7.0,127.0
26,101.0,11.306930693069306,21.987606770295592,0.0,0.0,7.0,14.0,133.0
27,103.0,10.54368932038835,14.342297720467661,0.0,0.0,7.0,14.0,120.0
28,114.0,9.280701754385966,15.560051397832295,0.0,0.0,7.0,14.0,141.0
29,112.0,8.008928571428571,15.075483071287959,0.0,0.0,3.5,8.75,134.0
30,86.0,8.965116279069768,16.502012479351514,0.0,0.0,7.0,14.0,134.0
31,48.0,8.625,21.10624088404468,0.0,0.0,0.0,7.0,127.0
32,105.0,9.142857142857142,17.085997737367247,0.0,0.0,7.0,14.0,141.0
33,49.0,4.877551020408164,17.647748502596144,0.0,0.0,0.0,0.0,120.0
34,107.0,10.542056074766355,17.494085455414762,0.0,0.0,7.0,14.0,141.0
35,42.0,4.190476190476191,18.5146456138576,0.0,0.0,0.0,0.0,120.0
36,83.0,10.975903614457831,21.785526580297308,0.0,0.0,7.0,14.0,155.0
37,105.0,8.742857142857142,16.491273083424698,0.0,0.0,7.0,14.0,148.0
38,104.0,11.788461538461538,20.722237516910287,0.0,0.0,7.0,14.0,162.0
39,105.0,9.342857142857143,16.257441237919192,0.0,0.0,7.0,14.0,148.0
40,94.0,9.840425531914894,20.032931592856606,0.0,0.0,7.0,14.0,183.0
41,105.0,7.876190476190477,17.278652479340842,0.0,0.0,7.0,7.0,162.0
42,71.0,6.915492957746479,19.201745812647385,0.0,0.0,0.0,7.0,148.0
43,107.0,13.289719626168225,21.41019389802058,0.0,0.0,7.0,21.0,155.0
44,111.0,9.972972972972974,20.245520024960612,0.0,0.0,7.0,14.0,183.0
45,113.0,9.548672566371682,21.622157596203117,0.0,0.0,0.0,14.0,169.0
46,49.0,4.877551020408164,20.356850457382095,0.0,0.0,0.0,0.0,141.0
47,72.0,8.083333333333334,20.606815500470287,0.0,0.0,0.0,7.0,155.0
48,82.0,14.012195121951219,24.47598667096003,0.0,0.0,7.0,14.0,169.0
49,118.0,7.720338983050848,17.350034160029594,0.0,0.0,0.0,7.0,155.0
50,106.0,12.49056603773585,20.54367949749016,0.0,0.0,7.0,14.0,169.0
51,72.0,7.111111111111111,19.77660843020271,0.0,0.0,0.0,7.0,148.0
52,103.0,9.184466019417476,18.575625803099477,0.0,0.0,7.0,7.0,162.0
53,99.0,10.262626262626263,17.839754882196512,0.0,0.0,7.0,14.0,155.0
54,106.0,10.047169811320755,20.24769573037725,0.0,0.0,7.0,7.0,169.0
55,110.0,8.854545454545455,17.193361404827087,0.0,0.0,7.0,14.0,162.0
56,106.0,12.68867924528302,18.199091137718767,0.0,0.0,7.0,21.0,148.0
57,99.0,12.171717171717171,26.336922326526263,0.0,0.0,7.0,14.0,182.0
58,69.0,11.376811594202898,24.036186842339692,0.0,0.0,0.0,14.0,148.0
59,99.0,11.535353535353535,24.277020768078966,0.0,0.0,7.0,14.0,162.0
60,104.0,11.048076923076923,19.940386791436207,0.0,0.0,7.0,14.0,169.0
61,72.0,11.875,22.698226958118415,0.0,0.0,0.0,14.0,141.0
62,100.0,12.26,27.690066774563725,0.0,0.0,7.0,14.0,175.0
63,102.0,11.264705882352942,16.916759790037407,0.0,0.0,7.0,14.0,148.0
64,113.0,9.238938053097344,16.288840579784317,0.0,0.0,7.0,14.0,155.0
65,111.0,10.91891891891892,21.989722862007874,0.0,0.0,7.0,14.0,162.0
66,84.0,8.928571428571429,19.93168193912765,0.0,0.0,3.5,8.75,162.0
67,48.0,9.0625,23.767854431044444,0.0,0.0,0.0,7.0,155.0
68,104.0,11.51923076923077,20.209572262990243,0.0,0.0,7.0,14.0,176.0
69,46.0,7.630434782608695,23.271688756610274,0.0,0.0,0.0,5.25,148.0
70,103.0,12.174757281553399,19.705392505937535,0.0,0.0,7.0,14.0,169.0
71,42.0,7.690476190476191,24.919859937004198,0.0,0.0,0.0,7.0,155.0
72,81.0,12.45679012345679,24.03957642238942,0.0,0.0,7.0,14.0,197.0
73,105.0,8.942857142857143,18.6948309245284,0.0,0.0,7.0,14.0,176.0
74,100.0,15.06,30.56102356951026,0.0,0.0,7.0,21.0,267.0
75,104.0,8.89423076923077,18.980275029072633,0.0,0.0,7.0,14.0,176.0
76,93.0,12.731182795698924,35.17321726422283,0.0,0.0,7.0,14.0,330.0
77,104.0,9.096153846153847,19.979853557278048,0.0,0.0,7.0,14.0,190.0
78,70.0,7.114285714285714,21.940329392017517,0.0,0.0,0.0,7.0,176.0
79,107.0,14.663551401869158,25.14109014509223,0.0,0.0,7.0,14.0,169.0
80,110.0,12.163636363636364,22.37279117188296,0.0,0.0,7.0,14.0,211.0
81,113.0,10.29203539823009,22.372129271519793,0.0,0.0,7.0,14.0,204.0
82,48.0,7.020833333333333,24.2122613419478,0.0,0.0,0.0,7.0,162.0
83,71.0,9.47887323943662,22.682188830464426,0.0,0.0,0.0,10.5,176.0
84,82.0,13.073170731707316,23.313102598867136,0.0,0.0,7.0,14.0,183.0
85,118.0,8.55084745762712,20.751520367584526,0.0,0.0,3.5,7.0,204.0
86,104.0,14.076923076923077,31.653675780873023,0.0,0.0,7.0,14.0,190.0
87,72.0,8.86111111111111,23.390924901810283,0.0,0.0,0.0,7.0,176.0
88,102.0,11.196078431372548,23.15895960987042,0.0,0.0,7.0,14.0,183.0
89,98.0,12.010204081632653,25.57644490500077,0.0,0.0,7.0,14.0,232.0
90,106.0,10.773584905660377,22.91652887322782,0.0,0.0,7.0,14.0,183.0
91,107.0,11.327102803738319,21.980169321774117,0.0,0.0,7.0,14.0,204.0
92,105.0,14.142857142857142,23.76342882352102,0.0,0.0,7.0,14.0,176.0
93,99.0,11.464646464646465,24.786563645929974,0.0,0.0,7.0,14.0,204.0
94,68.0,12.882352941176471,28.184111863693968,0.0,0.0,3.5,7.0,183.0
95,98.0,16.153061224489797,34.05554953968327,0.0,0.0,7.0,14.0,190.0
96,104.0,10.778846153846153,20.52039323359907,0.0,0.0,7.0,14.0,190.0
97,72.0,13.625,31.154516097019332,0.0,0.0,0.0,8.75,176.0
98,100.0,10.37,25.44380022121243,0.0,0.0,7.0,8.75,183.0
99,99.0,13.93939393939394,22.362422097749654,0.0,0.0,7.0,21.0,190.0
100,110.0,9.427272727272728,19.10159179250531,0.0,0.0,7.0,14.0,176.0
101,106.0,12.424528301886792,24.801285724431825,0.0,0.0,7.0,14.0,197.0
102,83.0,9.710843373493976,23.813569671503668,0.0,0.0,0.0,14.0,190.0
103,47.0,10.0,28.574844516295006,0.0,0.0,0.0,10.5,183.0
104,104.0,10.307692307692308,20.594125339677525,0.0,0.0,7.0,14.0,197.0
105,46.0,9.304347826086957,26.493495692521623,0.0,0.0,0.0,7.0,169.0
106,103.0,13.669902912621358,24.75780263203809,0.0,0.0,7.0,14.0,190.0
107,42.0,7.357142857142857,28.779923073653887,0.0,0.0,0.0,5.25,183.0
108,81.0,12.88888888888889,27.487269780754872,0.0,0.0,7.0,14.0,225.0
109,105.0,10.076190476190476,24.604445829539724,0.0,0.0,7.0,14.0,232.0
110,100.0,10.16,32.27743371572045,0.0,0.0,7.0,7.0,309.0
111,102.0,10.303921568627452,22.688065173141542,0.0,0.0,7.0,14.0,197.0
112,90.0,16.42222222222222,47.286831617739466,0.0,0.0,7.0,14.0,435.0
113,104.0,9.163461538461538,23.82546185410921,0.0,0.0,7.0,8.75,232.0
114,70.0,9.114285714285714,26.064325587342204,0.0,0.0,0.0,7.0,204.0
115,105.0,15.80952380952381,28.462558144292235,0.0,0.0,7.0,21.0,197.0
116,109.0,12.853211009174313,25.724259226304262,0.0,0.0,7.0,14.0,246.0
117,113.0,10.168141592920353,26.614276061269955,0.0,0.0,0.0,7.0,232.0
118,47.0,7.617021276595745,28.247780360271605,0.0,0.0,0.0,7.0,190.0
119,71.0,9.28169014084507,25.421129062590854,0.0,0.0,0.0,10.5,197.0
