id,count,mean,std,min,25%,50%,75%,max
0,1674.0,9.405017921146953,11.3029625432059,0.0,0.0,7.0,14.0,120.0
1,2174.0,8.214351425942962,10.471184404045262,0.0,0.0,7.0,14.0,127.0
2,2170.0,8.468202764976958,11.447442511770767,0.0,0.0,7.0,14.0,134.0
3,2172.0,8.386279926335176,11.068167641215135,0.0,0.0,7.0,14.0,127.0
4,1912.0,9.435146443514645,11.469248994856445,0.0,0.0,7.0,14.0,120.0
5,2176.0,8.036305147058824,10.689260522865602,0.0,0.0,7.0,14.0,141.0
6,1414.0,6.946251768033946,10.651725042433128,0.0,0.0,0.0,7.0,127.0
7,2206.0,12.293291024478695,18.904284997069148,0.0,0.0,7.0,14.0,154.0
8,2314.0,8.878997407087295,11.274205247655857,0.0,0.0,7.0,14.0,148.0
9,2368.0,8.871621621621621,14.353803477121007,0.0,0.0,7.0,14.0,127.0
10,967.0,5.162357807652533,8.9408864864602,0.0,0.0,0.0,7.0,120.0
11,1403.0,11.091945830363507,19.152722399500483,0.0,0.0,0.0,14.0,134.0
12,1663.0,11.374022850270595,16.082469430302474,0.0,0.0,7.0,14.0,161.0
13,2450.0,6.520408163265306,10.59294509312458,0.0,0.0,0.0,7.0,148.0
14,2175.0,11.319540229885057,18.227491690585747,0.0,0.0,7.0,14.0,154.0
15,1416.0,6.817796610169491,10.877246050513383,0.0,0.0,0.0,7.0,120.0
16,2172.0,8.366942909760589,10.833877009845088,0.0,0.0,7.0,14.0,134.0
17,2053.0,11.388699464198734,18.95575305784615,0.0,0.0,7.0,14.0,141.0
18,2203.0,8.875170222423968,15.390477253970401,0.0,0.0,7.0,14.0,133.0
19,2197.0,9.622667273554848,11.067440867023933,0.0,0.0,7.0,14.0,127.0
20,2177.0,11.74965548920533,19.179619264933333,0.0,0.0,7.0,14.0,147.0
21,2054.0,11.345666991236612,19.358018163963678,0.0,0.0,7.0,14.0,140.0
22,1433.0,7.547801814375436,10.372293871205114,0.0,0.0,7.0,14.0,127.0
23,2052.0,11.37719298245614,21.132168105298824,0.0,0.0,7.0,14.0,231.0
24,2197.0,9.36140191169777,11.182723283592043,0.0,0.0,7.0,14.0,141.0
25,1412.0,12.30028328611898,21.689070753247925,0.0,0.0,0.0,14.0,175.0
26,2056.0,11.494649805447471,20.628800658714106,0.0,0.0,7.0,14.0,231.0
27,2182.0,10.481209899175068,12.45839899260344,0.0,0.0,7.0,14.0,134.0
28,2278.0,9.302019315188762,10.847046367233219,0.0,0.0,7.0,14.0,127.0
29,2205.0,8.575056689342404,14.861075176695726,0.0,0.0,7.0,14.0,168.0
30,1676.0,9.059665871121718,11.072678043385455,0.0,0.0,7.0,14.0,134.0
31,951.0,6.9495268138801265,9.645701376209876,0.0,0.0,7.0,14.0,127.0
32,2172.0,8.244475138121548,11.470692105730047,0.0,0.0,7.0,14.0,162.0
33,925.0,9.83891891891892,15.491479256866645,0.0,0.0,0.0,14.0,120.0
34,2196.0,9.438979963570128,11.896532358133515,0.0,0.0,7.0,14.0,141.0
35,831.0,5.998796630565583,9.067152340299875,0.0,0.0,0.0,7.0,120.0
36,1674.0,9.342293906810037,11.695602945869124,0.0,0.0,7.0,14.0,148.0
37,2173.0,7.976530142659917,10.17674838344191,0.0,0.0,7.0,14.0,155.0
38,2170.0,8.748847926267281,12.679292719369112,0.0,0.0,7.0,14.0,148.0
39,2172.0,8.286372007366483,10.576254149021636,0.0,0.0,7.0,14.0,162.0
40,1911.0,9.791732077446364,11.951803504004616,0.0,0.0,7.0,14.0,155.0
41,2175.0,8.22022988505747,10.971182245935553,0.0,0.0,7.0,14.0,190.0
42,1414.0,6.812588401697313,10.920070405867726,0.0,0.0,0.0,7.0,148.0
43,2205.0,12.108390022675737,18.26460451345529,0.0,0.0,7.0,14.0,162.0
44,2312.0,8.947231833910035,11.255261037909083,0.0,0.0,7.0,14.0,169.0
45,2365.0,8.841437632135307,14.331575352272186,0.0,0.0,7.0,14.0,176.0
46,966.0,5.182194616977226,8.719457946943137,0.0,0.0,0.0,7.0,141.0
47,1403.0,10.877405559515324,19.3097529140261,0.0,0.0,0.0,14.0,155.0
48,1662.0,11.191335740072201,16.142784686418363,0.0,0.0,7.0,14.0,162.0
49,2448.0,6.502859477124183,10.558881548731334,0.0,0.0,0.0,7.0,155.0
50,2175.0,11.222988505747127,17.06671322652237,0.0,0.0,7.0,14.0,169.0
51,1416.0,7.188559322033898,11.541128012583467,0.0,0.0,0.0,7.0,141.0
52,2172.0,8.331491712707182,10.461205249741678,0.0,0.0,7.0,14.0,162.0
53,2052.0,11.1588693957115,18.688655000623363,0.0,0.0,7.0,14.0,169.0
54,2201.0,8.749659245797364,15.472513197815056,0.0,0.0,7.0,14.0,217.0
55,2197.0,9.444242148384161,11.444059309152154,0.0,0.0,7.0,14.0,162.0
56,2176.0,10.992647058823529,16.8527617348999,0.0,0.0,7.0,14.0,148.0
57,2053.0,11.61714564052606,19.43343560295095,0.0,0.0,7.0,14.0,169.0
58,1433.0,7.767620376831822,11.126231574083976,0.0,0.0,7.0,14.0,155.0
59,2052.0,11.421539961013645,20.071305942800517,0.0,0.0,7.0,14.0,183.0
60,2195.0,9.548519362186788,11.297009201742343,0.0,0.0,7.0,14.0,162.0
61,1411.0,12.065910701630049,21.41274344348284,0.0,0.0,0.0,14.0,148.0
62,2055.0,11.520681265206813,19.608694778797922,0.0,0.0,7.0,14.0,161.0
63,2177.0,9.968305006890215,12.540793968011135,0.0,0.0,7.0,14.0,169.0
64,2276.0,9.36555360281195,10.977696858119822,0.0,0.0,7.0,14.0,155.0
65,2205.0,8.686167800453514,15.563709418714962,0.0,0.0,7.0,7.0,217.0
66,1676.0,9.038782816229118,11.25191802202165,0.0,0.0,7.0,14.0,155.0
67,951.0,6.596214511041009,9.61287220193729,0.0,0.0,7.0,7.0,148.0
68,2171.0,8.264394288346384,11.618716778342634,0.0,0.0,7.0,14.0,183.0
69,925.0,9.664864864864866,15.702183241783882,0.0,0.0,0.0,14.0,141.0
70,2189.0,9.357240749200548,12.111091463677264,0.0,0.0,7.0,14.0,176.0
71,828.0,6.130434782608695,9.947985221537586,0.0,0.0,0.0,7.0,155.0
72,1674.0,9.371565113500598,11.403245270072103,0.0,0.0,7.0,14.0,176.0
73,2172.0,7.802946593001842,9.674663142896213,0.0,0.0,7.0,14.0,169.0
74,2167.0,9.639593908629442,12.803968445782377,0.0,0.0,7.0,14.0,253.0
75,2171.0,8.425610317825887,11.161543921132836,0.0,0.0,7.0,14.0,183.0
76,1908.0,9.708071278825996,14.142068800727225,0.0,0.0,7.0,14.0,379.0
77,2174.0,7.840846366145354,10.586894903227591,0.0,0.0,7.0,14.0,225.0
78,1414.0,6.941301272984441,11.567400810223441,0.0,0.0,0.0,7.0,169.0
79,2202.0,12.121707538601271,17.6008986179102,0.0,0.0,7.0,14.0,183.0
80,2311.0,9.038944180008654,11.730643908320173,0.0,0.0,7.0,14.0,211.0
81,2363.0,8.694879390605163,14.571773487614845,0.0,0.0,7.0,14.0,204.0
82,965.0,5.412435233160622,10.061628085324363,0.0,0.0,0.0,7.0,162.0
83,1401.0,11.207708779443255,19.865126599596266,0.0,0.0,0.0,14.0,183.0
84,1660.0,11.529518072289157,17.494639730427227,0.0,0.0,7.0,14.0,190.0
85,2447.0,6.491213731099306,10.896854570562011,0.0,0.0,0.0,7.0,211.0
86,2173.0,11.26553152323976,17.542211499844893,0.0,0.0,7.0,14.0,190.0
87,1416.0,6.896892655367232,11.55527341495977,0.0,0.0,0.0,7.0,183.0
88,2172.0,8.225138121546962,10.695503031787576,0.0,0.0,7.0,14.0,176.0
89,2051.0,11.222330570453437,19.924621577455774,0.0,0.0,7.0,14.0,253.0
90,2200.0,8.76,16.661863064014888,0.0,0.0,7.0,14.0,210.0
91,2196.0,9.062841530054644,11.054087935100116,0.0,0.0,7.0,14.0,190.0
92,2176.0,10.722426470588236,16.984216413099684,0.0,0.0,7.0,14.0,218.0
93,2052.0,11.162280701754385,18.95184897275879,0.0,0.0,7.0,14.0,190.0
94,1431.0,7.4409503843466105,10.798755442000619,0.0,0.0,7.0,14.0,176.0
95,2052.0,10.602826510721247,17.354863131360567,0.0,0.0,7.0,14.0,218.0
96,2192.0,9.625456204379562,11.866892597072322,0.0,0.0,7.0,14.0,183.0
97,1408.0,12.126420454545455,21.377333863186625,0.0,0.0,0.0,14.0,211.0
98,2054.0,11.352482960077896,18.912426714628474,0.0,0.0,7.0,14.0,183.0
99,2175.0,10.151264367816092,12.852665093690657,0.0,0.0,7.0,14.0,176.0
100,2274.0,8.95514511873351,11.294081643024793,0.0,0.0,7.0,14.0,190.0
101,2204.0,9.052177858439201,16.424838087311773,0.0,0.0,7.0,14.0,211.0
102,1674.0,9.195937873357229,11.82437058011895,0.0,0.0,7.0,14.0,190.0
103,948.0,7.178270042194093,11.278132599610272,0.0,0.0,0.0,14.0,176.0
104,2170.0,8.355299539170506,12.700745160891486,0.0,0.0,7.0,14.0,197.0
105,925.0,9.732972972972973,15.571961299270516,0.0,0.0,0.0,14.0,169.0
106,2189.0,9.261306532663317,12.087367298166484,0.0,0.0,7.0,14.0,190.0
107,828.0,6.451690821256038,10.078954790298116,0.0,0.0,7.0,7.0,169.0
108,1672.0,9.236244019138756,11.998047008751099,0.0,0.0,7.0,14.0,197.0
109,2172.0,8.125230202578269,10.372871852456283,0.0,0.0,7.0,14.0,211.0
110,2167.0,8.043839409321643,12.601404662651316,0.0,0.0,7.0,14.0,316.0
111,2171.0,8.457853523721788,11.30272373677155,0.0,0.0,7.0,14.0,197.0
112,1906.0,9.68887722980063,15.472853277757089,0.0,0.0,7.0,14.0,470.0
113,2173.0,7.9668660837551775,11.20801176788945,0.0,0.0,7.0,14.0,246.0
114,1414.0,7.06011315417256,11.814019116588407,0.0,0.0,0.0,7.0,176.0
115,2201.0,12.46433439345752,18.63685803418355,0.0,0.0,7.0,14.0,197.0
116,2309.0,8.928540493720226,12.1252706232456,0.0,0.0,7.0,14.0,260.0
117,2363.0,8.78967414303851,14.774604445306801,0.0,0.0,7.0,14.0,225.0
118,965.0,5.941968911917098,10.669047713217726,0.0,0.0,0.0,7.0,190.0
119,1400.0,11.080714285714286,18.714931547306872,0.0,0.0,0.0,14.0,197.0
