id,count,mean,std,min,25%,50%,75%,max
0,1133.0,16.033539276257724,13.680501377489406,7.0,7.0,7.0,21.0,120.0
1,1598.0,16.291614518147686,13.220023039456912,7.0,7.0,14.0,21.0,120.0
2,1467.0,16.801635991820042,13.71820461431169,7.0,7.0,14.0,21.0,120.0
3,1536.0,16.470703125,12.929543012111289,7.0,7.0,14.0,21.0,120.0
4,1237.0,18.42603071948262,14.883595849568579,7.0,7.0,14.0,28.0,120.0
5,1548.0,16.81330749354005,13.211105929758002,7.0,7.0,14.0,21.0,120.0
6,674.0,16.224035608308604,13.97988209721115,7.0,7.0,7.0,21.0,120.0
7,1517.0,16.48780487804878,20.848381934365158,7.0,7.0,7.0,14.0,175.0
8,1537.0,16.273259596616786,14.132907792184291,7.0,7.0,7.0,21.0,120.0
9,1378.0,12.42089985486212,9.324142614765918,7.0,7.0,7.0,14.0,120.0
10,335.0,9.050746268656717,7.885432888347048,7.0,7.0,7.0,7.0,120.0
11,589.0,11.00679117147708,9.463137651419737,7.0,7.0,7.0,14.0,120.0
12,930.0,15.355913978494623,17.037512985561406,7.0,7.0,7.0,14.0,175.0
13,1368.0,10.925438596491228,7.959406646232452,7.0,7.0,7.0,14.0,120.0
14,1371.0,13.60758570386579,15.575736350267709,7.0,7.0,7.0,14.0,168.0
15,641.0,17.430577223088925,14.850145237422524,7.0,7.0,7.0,28.0,120.0
16,1594.0,16.121706398996235,12.771603903348508,7.0,7.0,14.0,21.0,120.0
17,1444.0,19.691828254847646,22.201494327245666,7.0,7.0,14.0,21.0,189.0
18,1469.0,14.00068073519401,11.520595209350116,7.0,7.0,7.0,14.0,147.0
19,1590.0,13.833333333333334,11.543793903214079,7.0,7.0,7.0,14.0,120.0
20,1340.0,13.07089552238806,14.627265019331547,7.0,7.0,7.0,14.0,182.0
21,1440.0,19.600694444444443,22.466118406110038,7.0,7.0,14.0,21.0,203.0
22,913.0,11.670317634173056,10.37434026690658,7.0,7.0,7.0,14.0,120.0
23,1459.0,19.47498286497601,20.98460858777239,7.0,7.0,14.0,21.0,182.0
24,1623.0,14.306839186691313,11.765463735887577,7.0,7.0,7.0,21.0,120.0
25,665.0,10.706766917293233,11.07503294542627,7.0,7.0,7.0,7.0,120.0
26,1445.0,19.426297577854672,21.022600302316146,7.0,7.0,14.0,21.0,175.0
27,1421.0,14.399718508092892,11.560038010056278,7.0,7.0,7.0,21.0,120.0
28,1810.0,15.485635359116023,12.625360916182471,7.0,7.0,7.0,21.0,120.0
29,1450.0,14.459310344827585,12.441057700545903,7.0,7.0,7.0,14.0,120.0
30,1121.0,16.36128456735058,12.996451430178348,7.0,7.0,14.0,21.0,120.0
31,455.0,12.156043956043955,10.978545444919801,7.0,7.0,7.0,14.0,120.0
32,1491.0,17.02414486921529,13.623832522722331,7.0,7.0,14.0,21.0,120.0
33,359.0,12.11142061281337,11.70607720404014,7.0,7.0,7.0,14.0,120.0
34,1492.0,15.084450402144773,12.509241633971891,7.0,7.0,7.0,21.0,120.0
35,380.0,10.871052631578948,9.48859634669259,7.0,7.0,7.0,14.0,120.0
36,1143.0,16.132108486439193,13.479343073143136,7.0,7.0,14.0,21.0,127.0
37,1555.0,16.904180064308683,13.411292107906384,7.0,7.0,14.0,21.0,134.0
38,1489.0,16.417058428475485,13.591387381904681,7.0,7.0,14.0,21.0,141.0
39,1549.0,16.531310522918012,13.252363921535297,7.0,7.0,14.0,21.0,134.0
40,1260.0,17.85079365079365,15.611749643495276,7.0,7.0,14.0,21.0,154.0
41,1560.0,16.549358974358974,13.143755406869902,7.0,7.0,14.0,21.0,148.0
42,654.0,17.298165137614678,14.623129730711991,7.0,7.0,14.0,21.0,134.0
43,1555.0,16.7016077170418,20.888247512835285,7.0,7.0,7.0,14.0,147.0
44,1526.0,16.49148099606815,15.01591263616753,7.0,7.0,7.0,21.0,155.0
45,1424.0,12.55056179775281,9.984047696107329,7.0,7.0,7.0,14.0,134.0
46,339.0,9.171091445427729,8.300580413185273,7.0,7.0,7.0,7.0,127.0
47,593.0,11.558178752107926,11.486349333090017,7.0,7.0,7.0,14.0,141.0
48,935.0,15.775401069518717,18.843626604870085,7.0,7.0,7.0,14.0,196.0
49,1332.0,11.047297297297296,8.573718875118571,7.0,7.0,7.0,14.0,155.0
50,1378.0,13.604499274310594,16.009289516977834,7.0,7.0,7.0,14.0,175.0
51,647.0,16.738794435857805,14.35986280730686,7.0,7.0,7.0,21.0,127.0
52,1519.0,16.585911784068465,12.956869226512655,7.0,7.0,14.0,21.0,141.0
53,1470.0,19.7578231292517,22.052814028105622,7.0,7.0,14.0,21.0,189.0
54,1460.0,14.245205479452055,11.491219535550885,7.0,7.0,7.0,21.0,127.0
55,1590.0,14.071069182389937,12.08869490401299,7.0,7.0,7.0,14.0,141.0
56,1383.0,13.995661605206074,16.099634919808214,7.0,7.0,7.0,14.0,148.0
57,1478.0,19.06359945872801,21.7921495130713,7.0,7.0,14.0,21.0,224.0
58,907.0,12.164277839029769,11.699348230085853,7.0,7.0,7.0,14.0,141.0
59,1506.0,19.0531208499336,19.51215228003664,7.0,7.0,14.0,21.0,161.0
60,1576.0,14.369289340101522,12.414765238984034,7.0,7.0,7.0,15.75,148.0
61,697.0,10.948350071736012,11.97867721254443,7.0,7.0,7.0,7.0,161.0
62,1525.0,18.80655737704918,20.39144380848592,7.0,7.0,14.0,21.0,175.0
63,1413.0,15.605803255484783,13.43691145791459,7.0,7.0,7.0,21.0,141.0
64,1807.0,15.42612064194798,12.942497561798262,7.0,7.0,7.0,21.0,134.0
65,1470.0,14.19591836734694,11.758853840492797,7.0,7.0,7.0,14.0,148.0
66,1117.0,16.64547896150403,13.7781191678525,7.0,7.0,14.0,21.0,141.0
67,470.0,13.048936170212766,13.453851825028362,7.0,7.0,7.0,14.0,141.0
68,1507.0,16.880557398805575,13.356698493363528,7.0,7.0,14.0,21.0,169.0
69,360.0,13.536111111111111,14.615359051712042,7.0,7.0,7.0,14.0,127.0
70,1518.0,15.277997364953887,13.606696098461216,7.0,7.0,7.0,21.0,148.0
71,372.0,11.368279569892474,11.376969418555213,7.0,7.0,7.0,14.0,127.0
72,1121.0,16.380017841213203,13.85731216206174,7.0,7.0,7.0,21.0,155.0
73,1562.0,17.106274007682458,13.483098740386096,7.0,7.0,14.0,21.0,162.0
74,1390.0,15.753237410071943,12.572220752596543,7.0,7.0,14.0,21.0,155.0
75,1537.0,16.487312947299934,13.658883770681433,7.0,7.0,14.0,21.0,169.0
76,1252.0,18.2444089456869,15.107110539709725,7.0,7.0,14.0,21.0,162.0
77,1572.0,17.028625954198475,13.779007636713787,7.0,7.0,14.0,21.0,197.0
78,659.0,16.7845220030349,14.935392886543926,7.0,7.0,7.0,21.0,155.0
79,1525.0,17.066885245901638,21.04402923570112,7.0,7.0,7.0,14.0,169.0
80,1545.0,16.12556634304207,14.292911938791836,7.0,7.0,7.0,21.0,176.0
81,1418.0,12.741889985895627,10.017681324601455,7.0,7.0,7.0,14.0,183.0
82,355.0,9.191549295774648,9.2783349263395,7.0,7.0,7.0,7.0,148.0
83,604.0,11.394039735099337,10.716628834225705,7.0,7.0,7.0,14.0,162.0
84,920.0,15.743478260869566,17.448867031559804,7.0,7.0,7.0,14.0,169.0
85,1381.0,11.131788559015206,8.55697082061319,7.0,7.0,7.0,14.0,162.0
86,1380.0,13.772463768115943,16.592600673678696,7.0,7.0,7.0,14.0,196.0
87,667.0,17.170914542728635,14.91741609381831,7.0,7.0,7.0,21.0,148.0
88,1586.0,16.401639344262296,12.729635948457263,7.0,7.0,14.0,21.0,169.0
89,1493.0,19.415941058271937,21.007701584733137,7.0,7.0,14.0,21.0,176.0
90,1410.0,14.646099290780143,12.593282976056944,7.0,7.0,7.0,21.0,169.0
91,1604.0,14.672693266832917,12.325011314735228,7.0,7.0,7.0,21.0,169.0
92,1370.0,14.685401459854015,16.222462941636397,7.0,7.0,7.0,14.0,155.0
93,1444.0,19.992382271468145,23.422701585278435,7.0,7.0,14.0,21.0,217.0
94,895.0,12.710614525139665,13.01109701735756,7.0,7.0,7.0,14.0,162.0
95,1452.0,20.711432506887054,23.89123773846098,7.0,7.0,14.0,21.0,259.0
96,1576.0,14.315989847715736,12.717208365316697,7.0,7.0,7.0,14.0,176.0
97,678.0,11.337758112094395,13.030565895288206,7.0,7.0,7.0,7.0,162.0
98,1463.0,19.460013670539986,22.103094638820874,7.0,7.0,14.0,21.0,210.0
99,1464.0,15.1051912568306,13.524333163716591,7.0,7.0,7.0,21.0,176.0
100,1779.0,16.01124227093873,13.821857438729785,7.0,7.0,7.0,21.0,162.0
101,1444.0,13.77770083102493,12.025718627211951,7.0,7.0,7.0,14.0,169.0
102,1084.0,16.732472324723247,14.227359003172124,7.0,7.0,14.0,21.0,162.0
103,453.0,12.812362030905078,13.429680078806275,7.0,7.0,7.0,14.0,155.0
104,1484.0,17.014824797843666,13.977432776052536,7.0,7.0,14.0,21.0,190.0
105,355.0,14.2,18.193933303152125,7.0,7.0,7.0,14.0,245.0
106,1474.0,15.886024423337856,14.135818066605347,7.0,7.0,7.0,21.0,183.0
107,399.0,11.020050125313283,10.791984695403476,7.0,7.0,7.0,14.0,169.0
108,1117.0,16.664279319606088,14.511369437835189,7.0,7.0,14.0,21.0,183.0
109,1571.0,16.78994271164863,13.907535443011703,7.0,7.0,14.0,21.0,183.0
110,1488.0,17.561827956989248,14.887209022743566,7.0,7.0,14.0,21.0,260.0
111,1523.0,16.455022980958635,13.577191323225177,7.0,7.0,14.0,21.0,190.0
112,1202.0,19.236272878535775,18.55609894559417,7.0,7.0,14.0,28.0,386.0
113,1548.0,17.06201550387597,14.163831468082916,7.0,7.0,14.0,21.0,232.0
114,670.0,16.46716417910448,14.667759383737625,7.0,7.0,7.0,21.0,176.0
115,1495.0,16.781939799331102,21.182747146907406,7.0,7.0,7.0,14.0,190.0
116,1508.0,16.646551724137932,14.8899660720807,7.0,7.0,7.0,21.0,218.0
117,1457.0,12.592999313658202,11.035147662073365,7.0,7.0,7.0,14.0,218.0
118,351.0,8.937321937321938,9.790756731678986,7.0,7.0,7.0,7.0,169.0
119,607.0,11.799011532125206,11.648699937866073,7.0,7.0,7.0,14.0,190.0
