id,count,mean,std,min,25%,50%,75%,max
0,49.0,20.163265306122447,21.27336650483368,7.0,7.0,14.0,28.0,120.0
1,76.0,23.592105263157894,22.15952925587783,7.0,7.0,14.0,28.0,120.0
2,72.0,22.375,21.069594606954553,7.0,7.0,14.0,28.0,120.0
3,76.0,20.82894736842105,20.190683104108345,7.0,7.0,14.0,21.0,120.0
4,56.0,20.767857142857142,21.932948291992595,7.0,7.0,14.0,21.0,120.0
5,80.0,21.975,18.990987202794614,7.0,7.0,14.0,29.75,120.0
6,30.0,19.4,22.267341169493513,7.0,7.0,7.0,26.25,120.0
7,86.0,17.593023255813954,21.630793902907055,7.0,7.0,7.0,21.0,120.0
8,68.0,21.735294117647058,22.041086225541516,7.0,7.0,14.0,28.0,120.0
9,72.0,18.09722222222222,18.900897752150442,7.0,7.0,14.0,21.0,120.0
10,11.0,19.818181818181817,34.271907393135216,7.0,7.0,7.0,7.0,120.0
11,31.0,12.67741935483871,20.496157520820326,7.0,7.0,7.0,7.0,120.0
12,45.0,16.2,20.34989390189005,7.0,7.0,7.0,14.0,120.0
13,67.0,12.656716417910447,17.034325629762602,7.0,7.0,7.0,10.5,120.0
14,77.0,14.558441558441558,16.530270086064842,7.0,7.0,7.0,14.0,120.0
15,35.0,18.428571428571427,21.817809393307318,7.0,7.0,7.0,24.5,120.0
16,76.0,23.407894736842106,22.6180916563586,7.0,7.0,14.0,28.0,120.0
17,72.0,27.430555555555557,34.76513811069971,7.0,7.0,14.0,35.0,231.0
18,82.0,16.23170731707317,17.25144386906789,7.0,7.0,7.0,14.0,120.0
19,83.0,16.710843373493976,20.036874616616196,7.0,7.0,7.0,14.0,120.0
20,65.0,16.49230769230769,21.0194278265096,7.0,7.0,7.0,14.0,120.0
21,81.0,23.604938271604937,28.20491048219515,7.0,7.0,14.0,28.0,189.0
22,45.0,14.644444444444444,20.020620682817317,7.0,7.0,7.0,14.0,120.0
23,80.0,21.5375,27.07137483474081,7.0,7.0,14.0,21.0,161.0
24,76.0,18.157894736842106,18.118905508945765,7.0,7.0,14.0,28.0,120.0
25,40.0,12.275,18.48212927571124,7.0,7.0,7.0,7.0,120.0
26,79.0,23.31645569620253,22.465097889265788,7.0,7.0,14.0,28.0,120.0
27,74.0,21.675675675675677,22.17125629506799,7.0,7.0,14.0,28.0,120.0
28,81.0,18.85185185185185,19.97442809638809,7.0,7.0,7.0,21.0,120.0
29,74.0,16.756756756756758,16.826927873680614,7.0,7.0,7.0,21.0,120.0
30,51.0,18.823529411764707,21.893109310788123,7.0,7.0,7.0,14.0,120.0
31,16.0,26.3125,38.118619684698274,7.0,7.0,7.0,19.25,120.0
32,75.0,21.946666666666665,22.38356861950623,7.0,7.0,14.0,28.0,120.0
33,16.0,15.375,28.156408388381735,7.0,7.0,7.0,7.0,120.0
34,77.0,18.92207792207792,22.081050600581197,7.0,7.0,7.0,21.0,120.0
35,20.0,17.2,26.830069541075506,7.0,7.0,7.0,7.0,120.0
36,58.0,18.482758620689655,21.864207215647767,7.0,7.0,7.0,26.25,134.0
37,80.0,22.675,21.405532823152008,7.0,7.0,14.0,28.0,127.0
38,73.0,21.397260273972602,23.454885611665567,7.0,7.0,14.0,28.0,134.0
39,85.0,20.6,24.387838499273908,7.0,7.0,14.0,21.0,141.0
40,61.0,22.9672131147541,27.010471557721676,7.0,7.0,14.0,28.0,148.0
41,78.0,23.166666666666668,21.178534015136716,7.0,7.0,14.0,28.0,127.0
42,38.0,16.42105263157895,21.75369689482111,7.0,7.0,7.0,21.0,134.0
43,78.0,20.115384615384617,22.188086641510772,7.0,7.0,10.5,26.25,141.0
44,81.0,21.185185185185187,22.835887934954002,7.0,7.0,14.0,28.0,155.0
45,74.0,19.594594594594593,25.711741850980793,7.0,7.0,10.5,14.0,147.0
46,18.0,18.333333333333332,32.71265270593052,7.0,7.0,7.0,7.0,141.0
47,36.0,15.38888888888889,21.237806959393065,7.0,7.0,7.0,14.0,127.0
48,44.0,14.977272727272727,22.659757009682245,7.0,7.0,7.0,14.0,148.0
49,71.0,15.985915492957746,18.504434185001234,7.0,7.0,7.0,14.0,134.0
50,78.0,16.435897435897434,21.802888968344707,7.0,7.0,7.0,14.0,148.0
51,37.0,19.324324324324323,23.599734054591536,7.0,7.0,7.0,28.0,127.0
52,84.0,22.095238095238095,21.81113844308892,7.0,7.0,14.0,29.75,141.0
53,84.0,25.511904761904763,41.71980375365916,7.0,7.0,14.0,28.0,336.0
54,72.0,17.805555555555557,20.599903520141147,7.0,7.0,7.0,21.0,141.0
55,78.0,18.76923076923077,21.074957797202018,7.0,7.0,7.0,21.0,141.0
56,79.0,16.31645569620253,20.20633583284408,7.0,7.0,7.0,14.0,127.0
57,81.0,23.864197530864196,25.072272078144287,7.0,7.0,14.0,28.0,141.0
58,47.0,17.148936170212767,25.948090927016324,7.0,7.0,7.0,14.0,127.0
59,68.0,27.08823529411765,28.44986965535162,7.0,7.0,14.0,35.0,148.0
60,79.0,20.126582278481013,22.228052897303513,7.0,7.0,14.0,24.5,162.0
61,42.0,12.857142857142858,20.29846975918283,7.0,7.0,7.0,7.0,134.0
62,79.0,22.78481012658228,21.081448209677916,7.0,7.0,14.0,28.0,134.0
63,77.0,24.649350649350648,26.69603076832438,7.0,7.0,14.0,28.0,127.0
64,87.0,19.885057471264368,23.006280885251254,7.0,7.0,7.0,24.5,148.0
65,75.0,13.826666666666666,16.934989633119763,7.0,7.0,7.0,17.5,141.0
66,58.0,18.482758620689655,22.52814331850964,7.0,7.0,7.0,21.0,141.0
67,25.0,21.88,32.81681479567043,7.0,7.0,7.0,14.0,141.0
68,65.0,20.476923076923075,23.080773717200543,7.0,7.0,14.0,21.0,148.0
69,14.0,18.571428571428573,31.76043568223325,7.0,7.0,7.0,17.5,127.0
70,74.0,20.635135135135137,25.078274352555365,7.0,7.0,7.0,21.0,148.0
71,19.0,17.36842105263158,28.347468094495163,7.0,7.0,7.0,14.0,127.0
72,52.0,21.557692307692307,27.644389893961332,7.0,7.0,10.5,22.75,162.0
73,85.0,22.41176470588235,23.10292401492105,7.0,7.0,14.0,28.0,155.0
74,68.0,21.83823529411765,25.953811035897868,7.0,7.0,14.0,22.75,169.0
75,77.0,22.74025974025974,26.868296029160366,7.0,7.0,14.0,28.0,155.0
76,54.0,23.09259259259259,28.846548152620507,7.0,7.0,14.0,28.0,190.0
77,83.0,21.93975903614458,24.32019606266763,7.0,7.0,14.0,28.0,176.0
78,38.0,19.36842105263158,25.74240486532592,7.0,7.0,14.0,21.0,155.0
79,81.0,18.160493827160494,25.255918509392732,7.0,7.0,7.0,21.0,162.0
80,74.0,21.39189189189189,27.891088362958236,7.0,7.0,14.0,26.25,197.0
81,80.0,17.6,23.684957572051367,7.0,7.0,10.5,14.0,176.0
82,23.0,15.26086956521739,29.94877048820103,7.0,7.0,7.0,7.0,148.0
83,38.0,14.578947368421053,25.700595827510444,7.0,7.0,7.0,12.25,162.0
84,53.0,17.056603773584907,24.470873655727967,7.0,7.0,7.0,21.0,176.0
85,66.0,16.984848484848484,22.641345722605273,7.0,7.0,7.0,14.0,162.0
86,69.0,17.463768115942027,25.6030672048952,7.0,7.0,7.0,14.0,176.0
87,45.0,16.511111111111113,25.237618226317906,7.0,7.0,7.0,14.0,155.0
88,76.0,21.473684210526315,22.98548741225531,7.0,7.0,14.0,28.0,169.0
89,76.0,25.894736842105264,41.65303636707042,7.0,7.0,14.0,28.0,315.0
90,77.0,17.558441558441558,22.453749837161478,7.0,7.0,14.0,21.0,183.0
91,84.0,17.678571428571427,21.638408908773084,7.0,7.0,7.0,21.0,169.0
92,79.0,16.49367088607595,20.171618432787877,7.0,7.0,7.0,14.0,155.0
93,75.0,26.426666666666666,34.494485784680855,7.0,7.0,14.0,28.0,196.0
94,48.0,17.375,25.20944183132202,7.0,7.0,7.0,14.0,155.0
95,72.0,21.694444444444443,25.63648307540922,7.0,7.0,14.0,28.0,169.0
96,74.0,23.472972972972972,26.40943323214444,7.0,7.0,14.0,28.0,176.0
97,35.0,14.228571428571428,24.320272002017184,7.0,7.0,7.0,14.0,148.0
98,83.0,25.566265060240966,25.48609988012324,7.0,7.0,21.0,35.0,176.0
99,73.0,24.561643835616437,27.33027742133147,7.0,7.0,14.0,28.0,155.0
100,86.0,21.825581395348838,25.18785508485488,7.0,7.0,10.5,21.0,162.0
101,74.0,16.945945945945947,21.8029103825091,7.0,7.0,7.0,21.0,169.0
102,63.0,18.46031746031746,23.998538528637457,7.0,7.0,7.0,21.0,169.0
103,25.0,26.08,39.664131571652156,7.0,7.0,7.0,21.0,162.0
104,84.0,19.928571428571427,24.987604500181426,7.0,7.0,14.0,21.0,183.0
105,18.0,23.0,36.609224167109126,7.0,7.0,7.0,19.25,155.0
106,76.0,20.736842105263158,24.823842528801556,7.0,7.0,7.0,28.0,176.0
107,23.0,21.956521739130434,34.89136160462222,7.0,7.0,7.0,21.0,169.0
108,58.0,22.224137931034484,29.373602604133414,7.0,7.0,14.0,26.25,204.0
109,85.0,21.91764705882353,24.537246597534846,7.0,7.0,14.0,28.0,183.0
110,84.0,26.678571428571427,34.62715722105561,7.0,7.0,14.0,35.0,274.0
111,71.0,24.95774647887324,29.365400739022448,7.0,7.0,14.0,28.0,183.0
112,66.0,23.136363636363637,42.096185233210996,7.0,7.0,14.0,28.0,337.0
113,80.0,23.025,27.90534407327925,7.0,7.0,14.0,29.75,197.0
114,29.0,19.103448275862068,32.685017130599554,7.0,7.0,7.0,21.0,183.0
115,76.0,21.013157894736842,40.4815985919702,7.0,7.0,7.0,14.0,259.0
116,69.0,23.246376811594203,29.7580467600542,7.0,7.0,14.0,28.0,218.0
117,72.0,21.01388888888889,27.922676460537858,7.0,7.0,14.0,22.75,211.0
118,20.0,18.95,35.99192160822525,7.0,7.0,7.0,14.0,169.0
119,37.0,16.10810810810811,30.834489873610135,7.0,7.0,7.0,7.0,183.0
