id,count,mean,std,min,25%,50%,75%,max
0,80.0,12.3,20.97521140944439,0.0,0.0,7.0,14.0,151.0
1,98.0,9.255102040816327,16.437517574442285,0.0,0.0,7.0,14.0,144.0
2,100.0,10.12,17.463543556087167,0.0,0.0,7.0,14.0,144.0
3,98.0,10.755102040816327,17.315782220477544,0.0,0.0,7.0,14.0,130.0
4,90.0,14.433333333333334,19.41564873318265,0.0,0.0,7.0,21.0,151.0
5,99.0,9.585858585858587,18.25556113258402,0.0,0.0,7.0,14.0,144.0
6,70.0,7.757142857142857,18.917391518477224,0.0,0.0,0.0,7.0,130.0
7,101.0,11.613861386138614,19.055167434073994,0.0,0.0,7.0,14.0,137.0
8,107.0,11.616822429906541,17.670807853212384,0.0,0.0,7.0,14.0,144.0
9,114.0,8.81578947368421,17.552735101636063,0.0,0.0,0.0,14.0,151.0
10,50.0,4.7,18.797796223417862,0.0,0.0,0.0,0.0,130.0
11,75.0,5.84,17.06588187947884,0.0,0.0,0.0,7.0,137.0
12,74.0,17.27027027027027,23.208582079001168,0.0,0.0,7.0,21.0,130.0
13,118.0,7.567796610169491,17.177543884589465,0.0,0.0,0.0,7.0,158.0
14,93.0,15.172043010752688,25.80681728936805,0.0,0.0,7.0,14.0,151.0
15,69.0,8.478260869565217,18.633152535240367,0.0,0.0,0.0,7.0,137.0
16,96.0,11.708333333333334,20.34280768629059,0.0,0.0,7.0,14.0,130.0
17,91.0,14.505494505494505,31.444969082288512,0.0,0.0,7.0,14.0,231.0
18,99.0,12.696969696969697,23.972115836161347,0.0,0.0,7.0,14.0,137.0
19,100.0,12.99,19.40711886463992,0.0,0.0,7.0,15.75,151.0
20,94.0,18.138297872340427,28.047425682122576,0.0,0.0,7.0,28.0,144.0
21,90.0,14.511111111111111,22.483074505080456,0.0,0.0,7.0,14.0,130.0
22,70.0,7.457142857142857,17.8882891934682,0.0,0.0,0.0,7.0,137.0
23,89.0,14.280898876404494,25.941800580620033,0.0,0.0,7.0,14.0,137.0
24,99.0,12.97979797979798,19.785574934001172,0.0,0.0,7.0,21.0,151.0
25,75.0,7.24,19.460868567600095,0.0,0.0,0.0,7.0,144.0
26,91.0,11.428571428571429,20.387982766076718,0.0,0.0,7.0,14.0,137.0
27,96.0,12.947916666666666,20.171564034899106,0.0,0.0,7.0,14.0,151.0
28,105.0,11.304761904761905,19.075822297793515,0.0,0.0,7.0,14.0,144.0
29,102.0,11.980392156862745,25.61210279820227,0.0,0.0,7.0,14.0,161.0
30,80.0,10.6375,19.56957322484401,0.0,0.0,7.0,14.0,144.0
31,48.0,5.916666666666667,20.20936514876982,0.0,0.0,0.0,7.0,137.0
32,101.0,10.089108910891088,18.59682715406098,0.0,0.0,7.0,14.0,165.0
33,47.0,5.74468085106383,19.616395189280233,0.0,0.0,0.0,7.0,130.0
34,101.0,12.237623762376238,19.548988984012183,0.0,0.0,7.0,14.0,165.0
35,42.0,7.428571428571429,21.498885798857913,0.0,0.0,0.0,7.0,137.0
36,79.0,11.746835443037975,21.341225515978596,0.0,0.0,7.0,14.0,158.0
37,98.0,11.540816326530612,20.589842539990112,0.0,0.0,7.0,14.0,165.0
38,99.0,10.787878787878787,21.814745400373504,0.0,0.0,7.0,14.0,179.0
39,97.0,8.917525773195877,19.157608422793793,0.0,0.0,7.0,7.0,158.0
40,89.0,10.898876404494382,21.11712195428813,0.0,0.0,7.0,14.0,165.0
41,98.0,10.040816326530612,19.851468234851506,0.0,0.0,7.0,14.0,172.0
42,69.0,7.869565217391305,20.25347685727525,0.0,0.0,0.0,7.0,158.0
43,101.0,12.168316831683168,22.34191992955426,0.0,0.0,7.0,14.0,179.0
44,106.0,11.330188679245284,20.188031201025645,0.0,0.0,7.0,14.0,186.0
45,113.0,8.893805309734514,18.875230761057885,0.0,0.0,0.0,14.0,172.0
46,49.0,5.795918367346939,22.724784186577676,0.0,0.0,0.0,7.0,158.0
47,73.0,7.1506849315068495,21.007056508122794,0.0,0.0,0.0,7.0,165.0
48,74.0,16.986486486486488,25.817320958200117,0.0,0.0,7.0,21.0,172.0
49,118.0,8.576271186440678,20.810256667285675,0.0,0.0,0.0,7.0,193.0
50,93.0,14.118279569892474,28.762841919198753,0.0,0.0,7.0,14.0,165.0
51,68.0,7.367647058823529,18.517361286314575,0.0,0.0,0.0,7.0,144.0
52,96.0,12.875,22.067480241534742,0.0,0.0,7.0,14.0,179.0
53,90.0,13.966666666666667,37.640060537987594,0.0,0.0,7.0,14.0,308.0
54,99.0,10.292929292929292,21.7697845860615,0.0,0.0,7.0,14.0,179.0
55,99.0,11.98989898989899,20.12841171461271,0.0,0.0,7.0,14.0,172.0
56,93.0,13.89247311827957,23.02241930285205,0.0,0.0,7.0,14.0,158.0
57,90.0,14.122222222222222,31.866585570235138,0.0,0.0,7.0,14.0,189.0
58,69.0,8.173913043478262,21.349305348762062,0.0,0.0,0.0,7.0,165.0
59,88.0,13.727272727272727,27.170693844117082,0.0,0.0,7.0,14.0,193.0
60,98.0,13.255102040816327,23.568855574301097,0.0,0.0,7.0,14.0,186.0
61,74.0,7.4324324324324325,19.59527555660312,0.0,0.0,0.0,7.0,158.0
62,89.0,11.44943820224719,32.59287820840727,0.0,0.0,7.0,7.0,238.0
63,96.0,12.510416666666666,22.007173371983995,0.0,0.0,7.0,14.0,165.0
64,105.0,9.971428571428572,19.043198433913528,0.0,0.0,7.0,14.0,172.0
65,99.0,12.06060606060606,24.03730866366299,0.0,0.0,7.0,14.0,158.0
66,80.0,12.125,27.168193894583258,0.0,0.0,7.0,14.0,186.0
67,48.0,7.666666666666667,23.370588293047323,0.0,0.0,0.0,7.0,158.0
68,100.0,9.98,19.855019974349517,0.0,0.0,7.0,14.0,172.0
69,47.0,7.085106382978723,22.82716705959584,0.0,0.0,0.0,7.0,151.0
70,99.0,13.686868686868687,23.640006934219116,0.0,0.0,7.0,17.5,193.0
71,42.0,9.761904761904763,24.215304094331596,0.0,0.0,0.0,7.0,151.0
72,78.0,13.961538461538462,24.08558458114282,0.0,0.0,7.0,21.0,179.0
73,98.0,10.39795918367347,23.273249010472764,0.0,0.0,7.0,14.0,207.0
74,96.0,13.822916666666666,24.99515523231891,0.0,0.0,7.0,14.0,214.0
75,96.0,8.5,20.471289265957978,0.0,0.0,3.5,7.0,186.0
76,89.0,13.337078651685394,32.1371152677458,0.0,0.0,7.0,14.0,277.0
77,97.0,10.072164948453608,23.193590809514067,0.0,0.0,7.0,14.0,221.0
78,68.0,10.764705882352942,23.594913217957593,0.0,0.0,7.0,14.0,186.0
79,101.0,12.514851485148515,24.533492968342742,0.0,0.0,7.0,14.0,193.0
80,102.0,13.352941176470589,24.16307921611868,0.0,0.0,7.0,14.0,214.0
81,112.0,10.285714285714286,25.574631494154044,0.0,0.0,0.0,7.0,207.0
82,49.0,6.510204081632653,26.53073881445476,0.0,0.0,0.0,0.0,179.0
83,72.0,7.541666666666667,24.05740640253852,0.0,0.0,0.0,7.0,193.0
84,73.0,19.232876712328768,28.778618870779557,0.0,0.0,14.0,21.0,186.0
85,116.0,8.241379310344827,23.672997161379858,0.0,0.0,0.0,7.0,235.0
86,92.0,16.934782608695652,30.21854621117728,0.0,0.0,7.0,21.0,200.0
87,68.0,8.294117647058824,22.17370960658807,0.0,0.0,0.0,7.0,172.0
88,95.0,11.536842105263158,20.999904015138185,0.0,0.0,7.0,14.0,186.0
89,90.0,11.866666666666667,26.84671427597296,0.0,0.0,3.5,14.0,221.0
90,98.0,11.183673469387756,21.499626915379856,0.0,0.0,7.0,14.0,193.0
91,99.0,13.616161616161616,23.916823158906997,0.0,0.0,7.0,14.0,214.0
92,93.0,15.849462365591398,26.305870660929408,0.0,0.0,7.0,14.0,186.0
93,90.0,13.266666666666667,32.18618588459578,0.0,0.0,7.0,14.0,196.0
94,69.0,10.0,26.200583738445488,0.0,0.0,0.0,14.0,207.0
95,88.0,12.772727272727273,29.351507146769034,0.0,0.0,7.0,7.0,214.0
96,98.0,13.040816326530612,23.703024456784117,0.0,0.0,7.0,21.0,200.0
97,72.0,10.458333333333334,29.575845445275384,0.0,0.0,0.0,7.0,193.0
98,89.0,12.47191011235955,35.186545041987685,0.0,0.0,7.0,7.0,231.0
99,95.0,13.08421052631579,24.156256912864492,0.0,0.0,7.0,14.0,200.0
100,101.0,13.762376237623762,27.084367637015816,0.0,0.0,7.0,21.0,207.0
101,98.0,11.755102040816327,23.30128142332223,0.0,0.0,7.0,14.0,193.0
102,80.0,10.55,24.117276752873313,0.0,0.0,7.0,14.0,207.0
103,48.0,9.708333333333334,28.27521155804996,0.0,0.0,0.0,14.0,193.0
104,99.0,10.575757575757576,22.818311170534177,0.0,0.0,7.0,14.0,200.0
105,46.0,9.217391304347826,26.992931620850722,0.0,0.0,0.0,7.0,179.0
106,97.0,13.175257731958762,24.15057379808257,0.0,0.0,7.0,14.0,200.0
107,42.0,11.595238095238095,27.033907817649073,0.0,0.0,7.0,14.0,172.0
108,78.0,12.974358974358974,29.202372416955352,0.0,0.0,7.0,14.0,235.0
109,98.0,10.255102040816327,30.98862818508757,0.0,0.0,7.0,14.0,298.0
110,96.0,14.625,33.09324943088449,0.0,0.0,7.0,21.0,298.0
111,95.0,11.242105263157894,24.03752199387081,0.0,0.0,7.0,14.0,207.0
112,84.0,18.297619047619047,57.38913455826898,0.0,0.0,7.0,15.75,515.0
113,97.0,10.216494845360824,27.071751422579048,0.0,0.0,7.0,14.0,256.0
114,67.0,9.567164179104477,28.37477746840894,0.0,0.0,0.0,7.0,214.0
115,99.0,14.323232323232324,26.55023282223459,0.0,0.0,7.0,21.0,200.0
116,102.0,12.941176470588236,29.104395071253403,0.0,0.0,7.0,14.0,263.0
117,109.0,11.082568807339449,28.868196148974825,0.0,0.0,0.0,7.0,235.0
118,48.0,7.229166666666667,29.383190724683402,0.0,0.0,0.0,1.75,200.0
119,71.0,10.507042253521126,30.85212344599251,0.0,0.0,0.0,7.0,221.0
120,70.0,15.757142857142858,28.385766853026333,0.0,0.0,7.0,14.0,200.0
121,113.0,9.575221238938052,26.974791575301808,0.0,0.0,0.0,7.0,263.0
122,92.0,15.565217391304348,31.814470530201454,0.0,0.0,7.0,21.0,214.0
123,68.0,9.529411764705882,37.46698868924296,0.0,0.0,0.0,7.0,305.0
124,95.0,11.905263157894737,23.85509164804013,0.0,0.0,7.0,14.0,207.0
125,89.0,15.696629213483146,37.96182427314375,0.0,0.0,7.0,14.0,312.0
126,96.0,13.166666666666666,30.391018987321225,0.0,0.0,7.0,14.0,200.0
127,98.0,12.326530612244898,26.27011767550005,0.0,0.0,7.0,14.0,235.0
128,91.0,16.582417582417584,34.51282078496046,0.0,0.0,7.0,17.5,256.0
129,90.0,15.911111111111111,31.20596472962528,0.0,0.0,7.0,14.0,221.0
