id,count,mean,std,min,25%,50%,75%,max
0,40.0,15.15,22.516717436219785,0.0,0.0,10.5,15.75,130.0
1,49.0,10.36734693877551,21.041322318189966,0.0,0.0,7.0,14.0,144.0
2,50.0,10.58,21.99915582795979,0.0,0.0,7.0,7.0,144.0
3,50.0,11.14,21.503687391435253,0.0,0.0,7.0,14.0,137.0
4,47.0,9.319148936170214,22.2565148087893,0.0,0.0,7.0,7.0,151.0
5,50.0,11.0,20.332943009524506,0.0,0.0,7.0,14.0,130.0
6,34.0,8.558823529411764,23.885067195585016,0.0,0.0,0.0,7.0,137.0
7,51.0,11.058823529411764,21.044155259554497,0.0,0.0,7.0,14.0,144.0
8,53.0,10.90566037735849,23.532517723798698,0.0,0.0,0.0,14.0,151.0
9,57.0,9.280701754385966,21.165803270137786,0.0,0.0,0.0,7.0,144.0
10,25.0,6.6,26.100766272276374,0.0,0.0,0.0,0.0,130.0
11,37.0,8.81081081081081,24.677742826097184,0.0,0.0,0.0,7.0,137.0
12,37.0,14.864864864864865,26.488112807826077,0.0,0.0,7.0,14.0,151.0
13,58.0,10.086206896551724,21.563683312262093,0.0,0.0,7.0,7.0,151.0
14,46.0,11.043478260869565,21.036430328508295,0.0,0.0,7.0,12.25,130.0
15,36.0,10.222222222222221,27.066174051346408,0.0,0.0,0.0,7.0,137.0
16,51.0,11.745098039215685,21.61188852206572,0.0,0.0,7.0,14.0,144.0
17,43.0,10.837209302325581,21.35742341397297,0.0,0.0,7.0,14.0,137.0
18,50.0,11.14,24.11537742958689,0.0,0.0,7.0,7.0,144.0
19,51.0,13.529411764705882,23.085365876395784,0.0,0.0,7.0,21.0,151.0
20,47.0,15.72340425531915,27.708656728977846,0.0,0.0,7.0,21.0,130.0
21,44.0,14.25,22.227287859327223,0.0,0.0,7.0,14.0,130.0
22,36.0,9.055555555555555,23.24029068473781,0.0,0.0,0.0,7.0,137.0
23,43.0,10.186046511627907,21.412341583606015,0.0,0.0,7.0,14.0,137.0
24,48.0,15.6875,26.05979723472333,0.0,0.0,7.0,15.75,158.0
25,36.0,11.583333333333334,26.073933343475428,0.0,0.0,0.0,15.75,144.0
26,45.0,13.0,23.566154467024024,0.0,0.0,7.0,14.0,130.0
27,51.0,12.294117647058824,23.905893932373296,0.0,0.0,7.0,14.0,158.0
28,54.0,10.833333333333334,21.51853084695423,0.0,0.0,7.0,14.0,144.0
29,49.0,15.081632653061224,26.647261221601084,0.0,0.0,7.0,14.0,137.0
30,41.0,10.0,23.570108188126756,0.0,0.0,7.0,7.0,144.0
31,24.0,9.208333333333334,26.28767138159382,0.0,0.0,0.0,7.0,130.0
32,51.0,10.235294117647058,22.409451787399096,0.0,0.0,7.0,14.0,158.0
33,22.0,12.909090909090908,30.6732535745474,0.0,0.0,0.0,7.0,137.0
34,52.0,12.192307692307692,24.16368889960311,0.0,0.0,7.0,14.0,158.0
35,21.0,17.523809523809526,31.66641603910845,0.0,0.0,7.0,14.0,130.0
36,39.0,11.58974358974359,25.35507625777897,0.0,0.0,7.0,14.0,158.0
37,49.0,11.795918367346939,25.412414610314592,0.0,0.0,7.0,14.0,172.0
38,49.0,11.36734693877551,22.95348001715555,0.0,0.0,7.0,14.0,151.0
39,50.0,10.16,25.38548516658402,0.0,0.0,7.0,7.0,172.0
40,46.0,12.41304347826087,33.86546985218393,0.0,0.0,7.0,14.0,228.0
41,49.0,12.510204081632653,29.795918658559312,0.0,0.0,7.0,14.0,193.0
42,34.0,9.588235294117647,27.724967029582626,0.0,0.0,0.0,7.0,158.0
43,51.0,14.490196078431373,26.897116982323297,0.0,0.0,7.0,17.5,172.0
44,53.0,11.169811320754716,26.09283415412141,0.0,0.0,0.0,14.0,158.0
45,57.0,11.491228070175438,25.36246017177577,0.0,0.0,7.0,14.0,172.0
46,24.0,8.916666666666666,33.592075497531916,0.0,0.0,0.0,1.75,165.0
47,35.0,13.714285714285714,34.22036840019958,0.0,0.0,0.0,7.0,179.0
48,36.0,17.416666666666668,31.097427546342157,0.0,0.0,7.0,21.0,165.0
49,58.0,10.448275862068966,26.830313056868768,0.0,0.0,0.0,12.25,165.0
50,44.0,16.0,29.137205497199737,0.0,0.0,7.0,21.0,179.0
51,35.0,15.114285714285714,35.638521317258274,0.0,0.0,0.0,7.0,158.0
52,48.0,13.354166666666666,26.35154287810749,0.0,0.0,7.0,14.0,172.0
53,42.0,14.761904761904763,29.832712053692227,0.0,0.0,7.0,14.0,158.0
54,50.0,11.56,27.773985772918618,0.0,0.0,3.5,14.0,172.0
55,50.0,13.1,27.31169294329027,0.0,0.0,7.0,14.0,186.0
56,47.0,13.936170212765957,25.30887819419618,0.0,0.0,7.0,14.0,165.0
57,44.0,18.386363636363637,49.750641416499,0.0,0.0,7.0,14.0,294.0
58,34.0,14.117647058823529,28.317212568140132,0.0,0.0,7.0,14.0,151.0
59,42.0,18.428571428571427,58.57000933098234,0.0,0.0,7.0,7.0,329.0
60,48.0,13.645833333333334,27.674775044413007,0.0,0.0,7.0,21.0,186.0
61,36.0,13.916666666666666,31.404617494884405,0.0,0.0,7.0,7.0,172.0
62,44.0,20.613636363636363,60.25188056858259,0.0,0.0,7.0,14.0,378.0
63,46.0,18.804347826086957,31.403198397061683,0.0,0.0,7.0,21.0,165.0
64,54.0,11.481481481481481,27.257500778816787,0.0,0.0,7.0,14.0,179.0
65,49.0,14.224489795918368,29.185659510938507,0.0,0.0,7.0,14.0,172.0
66,41.0,11.195121951219512,28.196825630020058,0.0,0.0,7.0,7.0,179.0
67,24.0,10.375,33.56733984616336,0.0,0.0,0.0,7.0,165.0
68,51.0,11.058823529411764,27.21720908888777,0.0,0.0,7.0,10.5,193.0
69,22.0,15.454545454545455,35.40073616765788,0.0,0.0,0.0,7.0,151.0
70,49.0,15.224489795918368,28.59725023649014,0.0,0.0,7.0,14.0,179.0
71,21.0,16.523809523809526,36.393157389293734,0.0,0.0,7.0,14.0,165.0
72,39.0,13.743589743589743,30.080346747649692,0.0,0.0,7.0,14.0,186.0
73,49.0,13.510204081632653,28.75190026254757,0.0,0.0,7.0,14.0,200.0
74,49.0,14.653061224489797,39.585640820677305,0.0,0.0,7.0,14.0,270.0
75,50.0,9.88,26.803624488383765,0.0,0.0,7.0,7.0,186.0
76,41.0,26.21951219512195,77.35002010184675,0.0,0.0,7.0,21.0,494.0
77,49.0,13.510204081632653,31.713642207113587,0.0,0.0,7.0,14.0,221.0
78,34.0,10.823529411764707,29.37992572575063,0.0,0.0,0.0,7.0,165.0
79,47.0,14.97872340425532,28.032193729556678,0.0,0.0,7.0,14.0,179.0
80,52.0,11.923076923076923,28.29802608916365,0.0,0.0,7.0,14.0,200.0
81,56.0,12.696428571428571,33.355342841948065,0.0,0.0,7.0,14.0,235.0
82,23.0,11.130434782608695,38.39543574653123,0.0,0.0,0.0,7.0,186.0
83,35.0,12.314285714285715,33.9521908056638,0.0,0.0,0.0,7.0,193.0
84,31.0,20.0,31.715401095787307,0.0,7.0,14.0,21.0,179.0
85,57.0,8.912280701754385,30.231417374830908,0.0,0.0,0.0,7.0,228.0
86,44.0,24.59090909090909,57.48784226648848,0.0,0.0,7.0,21.0,336.0
87,33.0,22.181818181818183,83.18971336103347,0.0,0.0,0.0,7.0,473.0
88,47.0,16.319148936170212,32.401762152146794,0.0,0.0,7.0,14.0,186.0
89,42.0,20.261904761904763,48.08379856134776,0.0,0.0,7.0,12.25,256.0
90,49.0,12.795918367346939,27.1515650192249,0.0,0.0,7.0,14.0,179.0
91,49.0,15.081632653061224,28.411292308028596,0.0,0.0,7.0,21.0,193.0
92,46.0,17.58695652173913,50.83200045769791,0.0,0.0,7.0,12.25,298.0
93,43.0,15.55813953488372,33.942039059312215,0.0,0.0,7.0,14.0,179.0
94,33.0,17.939393939393938,42.83831476752105,0.0,0.0,0.0,14.0,193.0
95,41.0,13.75609756097561,34.08282594489847,0.0,0.0,7.0,14.0,214.0
96,46.0,15.76086956521739,34.91079729991772,0.0,0.0,7.0,14.0,207.0
97,35.0,18.114285714285714,50.419867366050106,0.0,0.0,0.0,7.0,249.0
98,44.0,12.818181818181818,28.613927920436595,0.0,0.0,7.0,14.0,186.0
99,45.0,18.755555555555556,31.057245937985634,0.0,7.0,7.0,21.0,193.0
100,53.0,12.754716981132075,33.3304582698176,0.0,0.0,7.0,14.0,228.0
101,49.0,14.224489795918368,32.91483031130145,0.0,0.0,7.0,14.0,214.0
102,40.0,12.7,30.00102562349392,0.0,0.0,7.0,14.0,186.0
103,24.0,15.625,45.74010940843552,0.0,0.0,0.0,7.0,214.0
104,51.0,11.333333333333334,30.714600219873724,0.0,0.0,7.0,7.0,200.0
105,22.0,13.863636363636363,36.2271871790937,0.0,0.0,7.0,7.0,172.0
106,47.0,16.617021276595743,31.059237365346377,0.0,0.0,14.0,14.0,207.0
107,21.0,17.857142857142858,45.437083658929645,0.0,0.0,7.0,7.0,200.0
108,38.0,20.92105263157895,43.16240955810994,0.0,0.0,7.0,21.0,242.0
109,49.0,13.36734693877551,46.225756653961795,0.0,0.0,7.0,7.0,326.0
110,46.0,24.282608695652176,90.49558934457113,0.0,0.0,7.0,12.25,599.0
111,50.0,11.28,27.77316279123736,0.0,0.0,7.0,14.0,193.0
112,41.0,20.75609756097561,80.22773226503567,0.0,0.0,7.0,14.0,515.0
113,48.0,13.354166666666666,36.56791384116731,0.0,0.0,7.0,14.0,249.0
114,34.0,13.5,34.64998141588552,0.0,0.0,0.0,7.0,186.0
115,46.0,17.58695652173913,34.180940814668126,0.0,0.0,7.0,19.25,200.0
116,51.0,13.529411764705882,35.635573766210904,0.0,0.0,7.0,14.0,249.0
117,53.0,14.60377358490566,38.44493545851376,0.0,0.0,7.0,7.0,242.0
118,23.0,13.565217391304348,42.920461413003686,0.0,0.0,0.0,7.0,207.0
119,35.0,11.514285714285714,37.27431810128747,0.0,0.0,0.0,14.0,221.0
120,31.0,27.677419354838708,53.22680220639109,0.0,0.0,7.0,14.0,224.0
121,55.0,11.4,33.24911583341283,0.0,0.0,7.0,7.0,242.0
122,43.0,22.558139534883722,55.68717999238133,0.0,0.0,7.0,14.0,287.0
123,32.0,22.4375,95.41384815295335,0.0,0.0,0.0,8.75,543.0
124,46.0,14.847826086956522,31.55381110371744,0.0,0.0,7.0,14.0,200.0
125,42.0,24.928571428571427,76.27785947894641,0.0,0.0,7.0,19.25,385.0
126,49.0,13.938775510204081,30.862199210945004,0.0,0.0,7.0,14.0,200.0
127,49.0,15.081632653061224,34.801722140514514,0.0,0.0,7.0,14.0,228.0
128,46.0,19.869565217391305,56.188416637695056,0.0,0.0,7.0,21.0,382.0
129,43.0,21.41860465116279,56.649815095793535,0.0,0.0,7.0,14.0,308.0
