id,count,mean,std,min,25%,50%,75%,max
0,42.0,10.523809523809524,20.1860107261441,0.0,0.0,7.0,14.0,120.0
1,52.0,8.76923076923077,18.404619395221303,0.0,0.0,7.0,14.0,127.0
2,53.0,9.924528301886792,18.04678647784885,0.0,0.0,7.0,14.0,127.0
3,52.0,9.98076923076923,20.49437070927602,0.0,0.0,7.0,14.0,120.0
4,47.0,9.404255319148936,21.349737371837584,0.0,0.0,0.0,14.0,141.0
5,53.0,8.867924528301886,17.762360523838318,0.0,0.0,7.0,7.0,120.0
6,35.0,8.028571428571428,23.26002088194616,0.0,0.0,0.0,7.0,134.0
7,54.0,14.277777777777779,24.448186772805617,0.0,0.0,7.0,14.0,127.0
8,55.0,13.0,20.463155688718707,0.0,0.0,7.0,14.0,127.0
9,55.0,9.436363636363636,22.618219169152958,0.0,0.0,0.0,7.0,141.0
10,24.0,6.75,24.578622737089518,0.0,0.0,0.0,0.0,120.0
11,36.0,9.75,23.11384866265244,0.0,0.0,0.0,7.0,134.0
12,40.0,16.3,28.873908015759906,0.0,0.0,7.0,14.0,134.0
13,59.0,9.745762711864407,19.949585788059295,0.0,0.0,0.0,14.0,134.0
14,54.0,12.462962962962964,22.590457964707266,0.0,0.0,7.0,14.0,127.0
15,36.0,9.944444444444445,24.708523045927105,0.0,0.0,0.0,7.0,141.0
16,51.0,11.686274509803921,18.24663278095817,0.0,0.0,7.0,14.0,120.0
17,49.0,13.306122448979592,23.27839134049775,0.0,0.0,7.0,14.0,120.0
18,52.0,10.923076923076923,20.881407579561554,0.0,0.0,7.0,8.75,134.0
19,54.0,10.518518518518519,20.095752616796904,0.0,0.0,7.0,14.0,141.0
20,56.0,14.142857142857142,20.366129253719784,0.0,0.0,7.0,21.0,127.0
21,50.0,12.2,25.23036719057867,0.0,0.0,7.0,7.0,134.0
22,34.0,12.382352941176471,27.7007982664567,0.0,0.0,0.0,12.25,127.0
23,49.0,14.020408163265307,30.76489462840071,0.0,0.0,7.0,14.0,161.0
24,52.0,11.865384615384615,20.2387987380421,0.0,5.25,7.0,14.0,141.0
25,36.0,11.88888888888889,23.54664401659915,0.0,0.0,0.0,14.0,120.0
26,52.0,9.98076923076923,18.157794614959016,0.0,0.0,7.0,14.0,120.0
27,49.0,14.16326530612245,22.07972952239934,0.0,0.0,7.0,21.0,127.0
28,55.0,11.6,20.85718634481224,0.0,0.0,7.0,14.0,134.0
29,56.0,11.017857142857142,22.829399762291025,0.0,0.0,7.0,14.0,141.0
30,42.0,9.523809523809524,22.483856642573787,0.0,0.0,0.0,12.25,141.0
31,24.0,9.375,26.838992561926208,0.0,0.0,0.0,7.0,127.0
32,54.0,10.25925925925926,19.949166706184474,0.0,0.0,7.0,14.0,134.0
33,22.0,11.818181818181818,25.885528892812026,0.0,0.0,0.0,14.0,120.0
34,53.0,11.377358490566039,20.540041958513,0.0,0.0,7.0,14.0,141.0
35,21.0,11.047619047619047,29.704336704387444,0.0,0.0,0.0,7.0,134.0
36,42.0,8.857142857142858,23.287776997628804,0.0,0.0,0.0,7.0,148.0
37,52.0,8.365384615384615,23.36750621927796,0.0,0.0,0.0,7.0,162.0
38,51.0,11.549019607843137,21.488893620184538,0.0,0.0,7.0,14.0,148.0
39,50.0,11.22,25.30087519660705,0.0,0.0,7.0,7.0,162.0
40,45.0,14.488888888888889,27.787850698905206,0.0,0.0,7.0,21.0,176.0
41,52.0,9.98076923076923,22.838298058747966,0.0,0.0,7.0,8.75,162.0
42,34.0,10.941176470588236,26.416180964624562,0.0,0.0,0.0,12.25,148.0
43,53.0,13.226415094339623,24.19205329587667,0.0,0.0,7.0,21.0,155.0
44,55.0,11.727272727272727,26.72455837244126,0.0,0.0,0.0,14.0,183.0
45,54.0,11.685185185185185,27.845818136677337,0.0,0.0,0.0,12.25,176.0
46,24.0,8.5,30.112831296569443,0.0,0.0,0.0,7.0,148.0
47,35.0,10.82857142857143,26.75101505966996,0.0,0.0,7.0,10.5,155.0
48,40.0,18.05,29.913507796945993,0.0,0.0,7.0,28.0,176.0
49,58.0,9.189655172413794,24.19399439512394,0.0,0.0,0.0,7.0,169.0
50,54.0,10.907407407407407,22.73744191525853,0.0,0.0,7.0,14.0,155.0
51,36.0,9.36111111111111,26.711316786044907,0.0,0.0,0.0,7.0,148.0
52,50.0,12.34,24.843682726773245,0.0,0.0,7.0,14.0,162.0
53,49.0,13.306122448979592,29.638941221553342,0.0,0.0,7.0,7.0,162.0
54,51.0,12.92156862745098,24.2535301655284,0.0,0.0,7.0,14.0,148.0
55,53.0,13.226415094339623,24.319698813160592,0.0,0.0,7.0,14.0,169.0
56,55.0,13.763636363636364,23.249025177782656,0.0,0.0,7.0,14.0,155.0
57,49.0,15.16326530612245,28.235133948958808,0.0,0.0,7.0,14.0,169.0
58,33.0,14.030303030303031,29.440071382900943,0.0,0.0,7.0,14.0,162.0
59,48.0,13.291666666666666,27.640517848809466,0.0,0.0,7.0,14.0,169.0
60,50.0,13.32,23.880177075198944,0.0,0.0,7.0,21.0,155.0
61,36.0,15.583333333333334,29.26174977679906,0.0,0.0,0.0,21.0,148.0
62,50.0,12.62,23.65991184623114,0.0,0.0,7.0,14.0,155.0
63,49.0,11.306122448979592,22.02480049250603,0.0,0.0,7.0,14.0,148.0
64,54.0,12.592592592592593,24.605198498521453,0.0,0.0,7.0,14.0,162.0
65,52.0,17.115384615384617,38.67747677464356,0.0,0.0,7.0,14.0,224.0
66,41.0,10.097560975609756,25.14836463674008,0.0,0.0,7.0,7.0,162.0
67,24.0,13.458333333333334,32.23012251142475,0.0,0.0,0.0,14.0,155.0
68,53.0,9.264150943396226,23.57977534912577,0.0,0.0,7.0,7.0,169.0
69,22.0,10.545454545454545,31.78907759821689,0.0,0.0,0.0,7.0,148.0
70,52.0,13.75,26.57056826714882,0.0,0.0,7.0,14.0,183.0
71,21.0,14.714285714285714,35.4007667390734,0.0,0.0,0.0,14.0,155.0
72,40.0,14.375,25.15458616491643,0.0,0.0,7.0,14.0,155.0
73,52.0,11.192307692307692,27.226024503338902,0.0,0.0,3.5,14.0,183.0
74,50.0,13.18,25.838343600161366,0.0,0.0,7.0,14.0,169.0
75,50.0,10.24,26.40389581644561,0.0,0.0,0.0,7.0,176.0
76,45.0,16.355555555555554,48.22351159659644,0.0,0.0,0.0,14.0,316.0
77,52.0,10.788461538461538,29.22685881202596,0.0,0.0,7.0,14.0,211.0
78,34.0,11.147058823529411,29.312457123252145,0.0,0.0,0.0,12.25,169.0
79,53.0,15.471698113207546,27.9921718271273,0.0,0.0,7.0,14.0,183.0
80,53.0,14.018867924528301,31.609084968406044,0.0,0.0,7.0,14.0,218.0
81,53.0,13.226415094339623,32.12334491961233,0.0,0.0,7.0,7.0,204.0
82,23.0,11.91304347826087,35.35651289299567,0.0,0.0,0.0,7.0,169.0
83,35.0,8.028571428571428,27.494904035096386,0.0,0.0,0.0,7.0,162.0
84,40.0,15.95,33.20638647254625,0.0,0.0,7.0,21.0,204.0
85,58.0,9.913793103448276,24.927462825241783,0.0,0.0,0.0,7.0,176.0
86,51.0,17.58823529411765,45.64260135907604,0.0,0.0,7.0,14.0,273.0
87,35.0,14.428571428571429,39.0830832324931,0.0,0.0,0.0,7.0,211.0
88,49.0,16.448979591836736,28.034250795893847,0.0,0.0,7.0,21.0,183.0
89,48.0,14.3125,35.41556110080859,0.0,0.0,7.0,14.0,239.0
90,50.0,12.76,26.382245111871303,0.0,0.0,7.0,14.0,176.0
91,51.0,16.07843137254902,28.822104806731172,0.0,0.0,7.0,21.0,190.0
92,54.0,15.055555555555555,27.121958427274713,0.0,0.0,7.0,14.0,183.0
93,48.0,14.75,32.420442723426504,0.0,0.0,7.0,14.0,204.0
94,33.0,15.303030303030303,37.65591325449833,0.0,0.0,0.0,7.0,190.0
95,48.0,14.895833333333334,32.807134397503944,0.0,0.0,7.0,14.0,190.0
96,50.0,13.46,28.046033587657277,0.0,0.0,7.0,14.0,183.0
97,35.0,20.62857142857143,45.81104780334473,0.0,0.0,0.0,10.5,176.0
98,50.0,11.64,27.059088782039314,0.0,0.0,7.0,14.0,183.0
99,48.0,12.854166666666666,26.058028193501773,0.0,0.0,7.0,14.0,176.0
100,52.0,14.557692307692308,28.524096082351736,0.0,0.0,7.0,15.75,190.0
101,51.0,14.705882352941176,34.58455962862448,0.0,0.0,7.0,14.0,211.0
102,41.0,12.146341463414634,30.57822834600605,0.0,0.0,0.0,14.0,190.0
103,24.0,14.625,41.477927603255075,0.0,0.0,0.0,8.75,204.0
104,52.0,8.903846153846153,25.660116008009293,0.0,0.0,0.0,7.0,183.0
105,22.0,11.5,37.2849388717035,0.0,0.0,0.0,7.0,176.0
106,50.0,16.54,31.640977048306027,0.0,0.0,7.0,21.0,204.0
107,21.0,17.38095238095238,44.61779486984559,0.0,0.0,0.0,7.0,197.0
108,39.0,17.256410256410255,32.85271594053322,0.0,0.0,7.0,21.0,197.0
109,51.0,11.96078431372549,32.21922456193738,0.0,0.0,7.0,14.0,225.0
110,49.0,17.306122448979593,42.655697197459574,0.0,0.0,7.0,14.0,267.0
111,50.0,9.82,27.446935816485706,0.0,0.0,7.0,7.0,190.0
112,42.0,21.19047619047619,69.81551930876886,0.0,0.0,7.0,14.0,449.0
113,52.0,11.461538461538462,34.705179326673004,0.0,0.0,3.5,7.0,246.0
114,34.0,12.382352941176471,34.970996386081055,0.0,0.0,0.0,7.0,197.0
115,52.0,14.692307692307692,28.36909286290722,0.0,0.0,7.0,15.75,190.0
116,52.0,13.615384615384615,33.26492225739219,0.0,0.0,7.0,14.0,232.0
117,53.0,12.169811320754716,31.550774615052948,0.0,0.0,0.0,7.0,211.0
118,23.0,13.73913043478261,40.10465558023763,0.0,0.0,0.0,10.5,190.0
119,35.0,10.428571428571429,33.66380995728701,0.0,0.0,0.0,7.0,197.0
