id,count,mean,std,min,25%,50%,75%,max
0,27.0,49.25925925925926,59.76015690471666,7.0,7.0,28.0,56.0,266.0
1,43.0,28.325581395348838,24.198308608968595,7.0,14.0,21.0,35.0,140.0
2,48.0,31.208333333333332,23.371157286446074,7.0,14.0,28.0,42.0,140.0
3,46.0,32.108695652173914,23.07882941463363,7.0,21.0,28.0,42.0,140.0
4,22.0,65.54545454545455,75.81036948341645,7.0,7.0,28.0,133.0,287.0
5,40.0,34.125,31.512461922392806,7.0,14.0,21.0,49.0,140.0
6,14.0,37.5,36.590772270951256,7.0,7.0,31.5,54.25,140.0
7,41.0,31.585365853658537,30.1130998153263,7.0,7.0,21.0,35.0,140.0
8,35.0,47.2,66.1325762923147,7.0,7.0,7.0,59.5,266.0
9,27.0,28.25925925925926,32.10630490752268,7.0,7.0,14.0,31.5,140.0
10,9.0,24.11111111111111,43.73055123264639,7.0,7.0,7.0,14.0,140.0
11,14.0,25.5,35.757194004520585,7.0,7.0,14.0,21.0,140.0
12,17.0,56.0,60.47003390109848,7.0,21.0,28.0,56.0,203.0
13,33.0,19.09090909090909,25.496768957511602,7.0,7.0,7.0,21.0,140.0
14,36.0,39.666666666666664,34.77930419085465,7.0,14.0,35.0,50.75,140.0
15,18.0,26.833333333333332,32.50203613531276,7.0,7.0,10.5,35.0,140.0
16,36.0,30.916666666666668,28.01874372629865,7.0,7.0,21.0,42.0,140.0
17,38.0,39.05263157894737,56.97602500455834,7.0,7.0,21.0,42.0,315.0
18,33.0,31.181818181818183,33.30020133709268,7.0,14.0,21.0,35.0,140.0
19,35.0,41.4,57.85743126808497,7.0,7.0,21.0,49.0,259.0
20,38.0,38.31578947368421,56.838845330892106,7.0,7.0,17.5,40.25,245.0
21,36.0,36.94444444444444,34.964426366109755,7.0,7.0,28.0,56.0,154.0
22,25.0,20.72,30.208332183908027,7.0,7.0,7.0,21.0,140.0
23,38.0,33.71052631578947,37.74373611517176,7.0,7.0,21.0,40.25,182.0
24,38.0,48.81578947368421,58.23709937792644,7.0,8.75,28.0,56.0,287.0
25,26.0,18.846153846153847,28.123573468095845,7.0,7.0,7.0,14.0,140.0
26,34.0,33.970588235294116,30.249953963518834,7.0,14.0,21.0,47.25,140.0
27,30.0,59.733333333333334,76.38827014726773,7.0,7.0,24.5,77.0,287.0
28,31.0,57.806451612903224,77.86416349636877,7.0,7.0,21.0,98.0,301.0
29,42.0,25.166666666666668,26.556811322940792,7.0,7.0,14.0,33.25,140.0
30,24.0,54.833333333333336,59.81396279237429,7.0,7.0,28.0,78.75,224.0
31,10.0,45.5,44.66977601117885,7.0,8.75,35.0,56.0,140.0
32,37.0,29.513513513513512,26.508511863195956,7.0,14.0,21.0,35.0,140.0
33,15.0,27.066666666666666,35.68005979068234,7.0,7.0,14.0,28.0,140.0
34,35.0,40.6,57.893004758778936,7.0,7.0,14.0,42.0,273.0
35,15.0,27.533333333333335,33.2004016039967,7.0,10.5,21.0,24.5,140.0
36,28.0,44.75,52.84332187388172,7.0,14.0,28.0,56.0,252.0
37,43.0,30.6046511627907,26.546580386794798,7.0,14.0,21.0,42.0,161.0
38,50.0,33.32,23.939924811912007,7.0,14.0,28.0,42.0,147.0
39,49.0,33.42857142857143,24.75967824238972,7.0,14.0,28.0,42.0,161.0
40,29.0,56.96551724137931,69.18839846938661,7.0,7.0,28.0,77.0,287.0
41,42.0,31.333333333333332,33.02302719623463,7.0,7.0,21.0,40.25,168.0
42,21.0,25.333333333333332,32.94287985791973,7.0,7.0,7.0,35.0,147.0
43,37.0,33.67567567567568,41.11032180071762,7.0,7.0,21.0,35.0,189.0
44,32.0,59.0625,71.20752837147343,7.0,7.0,28.0,78.75,315.0
45,28.0,37.25,40.14660633229165,7.0,7.0,21.0,49.0,175.0
46,14.0,21.5,38.38619543533847,7.0,7.0,7.0,12.25,147.0
47,18.0,24.88888888888889,35.46811142568174,7.0,7.0,10.5,28.0,154.0
48,20.0,53.55,63.64248415542627,7.0,7.0,21.0,105.0,189.0
49,33.0,22.90909090909091,26.440219879432302,7.0,7.0,14.0,21.0,154.0
50,37.0,40.86486486486486,52.733165909006324,7.0,7.0,21.0,49.0,245.0
51,23.0,25.565217391304348,35.038713767069034,7.0,7.0,7.0,24.5,161.0
52,35.0,31.0,34.2207367473205,7.0,14.0,21.0,38.5,175.0
53,33.0,41.15151515151515,41.77179162733597,7.0,14.0,28.0,63.0,189.0
54,37.0,28.18918918918919,29.072550854942413,7.0,7.0,21.0,42.0,147.0
55,37.0,45.78378378378378,59.13503151222591,7.0,7.0,28.0,56.0,322.0
56,36.0,41.02777777777778,50.703331032366876,7.0,7.0,17.5,50.75,203.0
57,36.0,42.77777777777778,63.426948356181995,7.0,14.0,28.0,50.75,364.0
58,22.0,28.636363636363637,36.335140349837985,7.0,7.0,14.0,33.25,147.0
59,39.0,37.51282051282051,43.28478023197177,7.0,14.0,21.0,42.0,175.0
60,36.0,49.19444444444444,57.19931040765362,7.0,7.0,24.5,64.75,252.0
61,17.0,30.058823529411764,35.500828490746684,7.0,7.0,14.0,42.0,154.0
62,43.0,33.04651162790697,31.724223498600363,7.0,14.0,21.0,49.0,147.0
63,36.0,51.333333333333336,74.51442813308037,7.0,7.0,21.0,45.5,301.0
64,32.0,60.375,79.80732846937902,7.0,7.0,14.0,94.5,308.0
65,42.0,27.833333333333332,29.597228501320014,7.0,7.0,17.5,33.25,168.0
66,30.0,45.5,53.90141063984798,7.0,7.0,24.5,42.0,203.0
67,14.0,32.0,43.99125787279524,7.0,7.0,10.5,33.25,154.0
68,38.0,32.60526315789474,27.439899410504513,7.0,21.0,24.5,42.0,161.0
69,18.0,25.27777777777778,33.539801738436005,7.0,7.0,14.0,21.0,147.0
70,35.0,45.0,56.7994407594673,7.0,7.0,21.0,59.5,210.0
71,10.0,45.5,55.53627443192222,14.0,15.75,21.0,38.5,189.0
72,27.0,49.77777777777778,58.44809224585083,7.0,7.0,28.0,70.0,245.0
73,46.0,31.195652173913043,28.680321992007297,7.0,15.75,28.0,40.25,189.0
74,50.0,35.0,25.37715508089904,7.0,14.0,31.5,49.0,154.0
75,50.0,33.04,26.72227535222254,7.0,14.0,31.5,42.0,168.0
76,29.0,52.62068965517241,63.266676961834364,7.0,7.0,21.0,84.0,231.0
77,40.0,32.55,31.566738418135223,7.0,14.0,28.0,35.0,189.0
78,18.0,32.27777777777778,41.803188107460336,7.0,7.0,7.0,47.25,175.0
79,34.0,40.14705882352941,63.39492970498087,7.0,7.0,10.5,45.5,308.0
80,32.0,54.46875,68.27930512288856,7.0,7.0,31.5,59.5,322.0
81,28.0,39.5,41.136178543773184,7.0,14.0,31.5,42.0,189.0
82,14.0,21.5,40.67459989874611,7.0,7.0,7.0,14.0,161.0
83,23.0,26.17391304347826,38.29508890173902,7.0,7.0,14.0,28.0,182.0
84,22.0,55.36363636363637,53.91575920738843,7.0,7.0,35.0,84.0,196.0
85,35.0,21.8,28.44788837402833,7.0,7.0,14.0,31.5,168.0
86,36.0,36.361111111111114,37.52191951972133,7.0,7.0,24.5,49.0,189.0
87,18.0,37.72222222222222,43.026401683502016,7.0,14.0,21.0,56.0,189.0
88,37.0,37.270270270270274,36.48717327793171,7.0,14.0,28.0,42.0,196.0
89,35.0,45.0,49.3308160460042,7.0,14.0,28.0,52.5,203.0
90,35.0,32.0,33.625970355559126,7.0,7.0,21.0,42.0,175.0
91,35.0,45.2,50.77215540732817,7.0,14.0,28.0,56.0,245.0
92,38.0,39.421052631578945,54.15874144159643,7.0,8.75,21.0,40.25,280.0
93,32.0,47.25,82.55750683907473,7.0,12.25,24.5,43.75,455.0
94,19.0,28.36842105263158,47.3312329655069,7.0,7.0,7.0,17.5,182.0
95,36.0,38.5,41.31101548013556,7.0,7.0,24.5,50.75,182.0
96,36.0,49.19444444444444,61.53828979676889,7.0,7.0,14.0,70.0,231.0
97,25.0,28.28,34.96965351081801,7.0,7.0,14.0,42.0,168.0
98,40.0,32.375,31.49252047953365,7.0,12.25,28.0,42.0,182.0
99,34.0,59.5,78.67395318077584,7.0,8.75,21.0,71.75,301.0
100,34.0,53.94117647058823,72.89965755270218,7.0,7.0,17.5,73.5,294.0
101,38.0,29.289473684210527,34.44141747305623,7.0,7.0,21.0,40.25,203.0
102,27.0,49.25925925925926,55.44130131713984,7.0,7.0,21.0,66.5,189.0
103,16.0,27.5625,46.112859739267236,7.0,7.0,10.5,21.0,182.0
104,45.0,30.955555555555556,30.675690371986413,7.0,14.0,21.0,42.0,203.0
105,12.0,41.416666666666664,53.09760880309075,7.0,7.0,10.5,50.75,175.0
106,31.0,52.61290322580645,66.67467156242307,7.0,7.0,21.0,87.5,217.0
107,11.0,40.72727272727273,61.80791358570666,7.0,7.0,7.0,42.0,196.0
108,24.0,59.208333333333336,60.46269361218189,7.0,21.0,42.0,64.75,224.0
109,46.0,31.195652173913043,34.85055049156637,7.0,15.75,21.0,35.0,238.0
110,26.0,33.11538461538461,37.17561235334469,7.0,14.0,21.0,45.5,182.0
111,34.0,28.823529411764707,35.89080289740424,7.0,7.0,14.0,33.25,175.0
112,26.0,55.46153846153846,66.99327176320367,7.0,8.75,35.0,77.0,266.0
113,40.0,32.725,38.90619059567084,7.0,14.0,21.0,35.0,238.0
114,18.0,33.05555555555556,46.791744146392304,7.0,7.0,14.0,35.0,203.0
115,35.0,41.4,74.65024329183001,7.0,7.0,7.0,38.5,378.0
116,31.0,58.483870967741936,66.10086785498959,7.0,14.0,42.0,77.0,308.0
117,34.0,37.6764705882353,43.11698012436125,7.0,8.75,28.0,42.0,231.0
118,12.0,26.25,58.0409338312195,7.0,7.0,7.0,14.0,210.0
119,20.0,31.15,43.89014396014332,7.0,7.0,14.0,43.75,203.0
120,21.0,76.0,94.70163673347996,7.0,7.0,35.0,98.0,322.0
121,36.0,27.02777777777778,35.54191578654389,7.0,12.25,14.0,29.75,210.0
122,33.0,45.39393939393939,59.73427585667388,7.0,14.0,28.0,42.0,245.0
123,17.0,37.470588235294116,53.4218092718915,7.0,7.0,21.0,35.0,224.0
124,40.0,36.4,38.05111272337748,7.0,7.0,28.0,42.0,203.0
125,33.0,42.21212121212121,49.326563315163654,7.0,14.0,28.0,56.0,266.0
126,37.0,35.75675675675676,43.45841269114224,7.0,7.0,21.0,42.0,203.0
127,38.0,46.05263157894737,56.74311358071189,7.0,7.0,24.5,54.25,252.0
128,37.0,38.21621621621622,60.22971541206731,7.0,7.0,21.0,35.0,280.0
129,37.0,35.567567567567565,44.62033700538886,7.0,7.0,21.0,42.0,231.0
130,22.0,40.40909090909091,57.35574790883489,7.0,7.0,7.0,50.75,210.0
131,37.0,35.75675675675676,39.55615235572324,7.0,14.0,21.0,49.0,210.0
132,31.0,60.74193548387097,71.8284844807107,7.0,7.0,35.0,77.0,308.0
133,15.0,30.333333333333332,51.823418129902116,7.0,7.0,14.0,24.5,210.0
134,40.0,40.425,56.768485072581406,7.0,14.0,28.0,49.0,308.0
135,32.0,54.90625,64.7229128172426,7.0,14.0,31.5,64.75,287.0
136,41.0,50.707317073170735,65.99668321303693,7.0,7.0,21.0,56.0,287.0
137,37.0,25.91891891891892,37.83544662113851,7.0,7.0,14.0,28.0,231.0
138,26.0,50.34615384615385,68.04113009507842,7.0,14.0,24.5,49.0,287.0
139,18.0,28.0,49.380872696169455,7.0,7.0,10.5,21.0,217.0
