id,count,mean,std,min,25%,50%,75%,max
0,23.0,55.391304347826086,58.67688032423826,7.0,7.0,42.0,73.5,224.0
1,41.0,32.09756097560975,27.200004483500347,7.0,7.0,28.0,49.0,140.0
2,49.0,32.57142857142857,25.542448329529154,7.0,14.0,28.0,42.0,140.0
3,46.0,33.630434782608695,25.88294908120202,7.0,14.0,28.0,42.0,140.0
4,27.0,42.51851851851852,45.19561786992047,7.0,7.0,21.0,56.0,140.0
5,37.0,35.567567567567565,31.45149752709235,7.0,14.0,28.0,49.0,140.0
6,17.0,26.352941176470587,38.779732426343834,7.0,7.0,7.0,21.0,140.0
7,40.0,33.6,31.11170939595672,7.0,7.0,21.0,49.0,140.0
8,30.0,66.5,101.06834491979963,7.0,7.0,14.0,70.0,336.0
9,27.0,30.074074074074073,34.22766079551396,7.0,7.0,21.0,35.0,140.0
10,4.0,45.5,63.773035054010094,7.0,7.0,17.5,56.0,140.0
11,12.0,23.333333333333332,37.32007340276649,7.0,7.0,14.0,15.75,140.0
12,24.0,25.958333333333332,33.37856532549603,7.0,7.0,7.0,29.75,140.0
13,39.0,15.974358974358974,21.95747945879799,7.0,7.0,7.0,17.5,140.0
14,32.0,41.34375,40.51969602710554,7.0,7.0,28.0,57.75,182.0
15,21.0,30.0,40.22064146678917,7.0,7.0,7.0,28.0,140.0
16,36.0,23.52777777777778,25.49564232918594,7.0,7.0,14.0,28.0,140.0
17,42.0,36.333333333333336,63.37332926230575,7.0,7.0,21.0,33.25,399.0
18,40.0,24.675,25.2133333672321,7.0,7.0,21.0,28.0,140.0
19,30.0,44.1,56.7835272373709,7.0,7.0,28.0,54.25,280.0
20,40.0,31.325,32.29224523882015,7.0,7.0,21.0,42.0,140.0
21,37.0,38.5945945945946,51.29677240196364,7.0,14.0,21.0,49.0,287.0
22,18.0,49.77777777777778,48.31216575022407,7.0,7.0,31.5,89.25,140.0
23,41.0,31.585365853658537,32.46226702631541,7.0,14.0,21.0,35.0,140.0
24,35.0,52.2,61.15063368436994,7.0,7.0,28.0,73.5,266.0
25,23.0,20.08695652173913,28.41880466342706,7.0,7.0,7.0,21.0,140.0
26,36.0,36.75,35.19445979127965,7.0,14.0,24.5,42.0,147.0
27,35.0,49.6,53.15803298268508,7.0,7.0,28.0,70.0,203.0
28,35.0,53.4,63.7071424567136,7.0,7.0,21.0,87.5,231.0
29,34.0,28.41176470588235,28.208227520029453,7.0,14.0,21.0,35.0,140.0
30,29.0,48.275862068965516,52.82714166554654,7.0,7.0,21.0,77.0,182.0
31,11.0,47.09090909090909,46.65287675043104,7.0,10.5,35.0,59.5,140.0
32,40.0,28.35,28.13206036736059,7.0,7.0,21.0,35.0,140.0
33,14.0,33.5,37.36256868125555,7.0,7.0,24.5,40.25,140.0
34,32.0,38.9375,43.65845260509089,7.0,7.0,21.0,61.25,182.0
35,12.0,26.833333333333332,37.02046935838539,7.0,7.0,17.5,21.0,140.0
36,26.0,49.53846153846154,48.21056379610657,7.0,15.75,28.0,68.25,189.0
37,44.0,31.5,28.663646857348606,7.0,14.0,21.0,49.0,154.0
38,48.0,34.5625,25.847265174893774,7.0,14.0,28.0,43.75,154.0
39,48.0,33.833333333333336,27.181293108229067,7.0,14.0,21.0,43.75,154.0
40,26.0,50.88461538461539,48.80190727672592,7.0,7.0,28.0,101.5,168.0
41,43.0,33.86046511627907,32.36516454413591,7.0,7.0,21.0,42.0,168.0
42,16.0,30.1875,40.06697517906736,7.0,7.0,7.0,38.5,154.0
43,35.0,35.4,46.678625918583535,7.0,7.0,14.0,35.0,217.0
44,31.0,66.16129032258064,97.09311571002124,7.0,7.0,14.0,73.5,322.0
45,36.0,28.97222222222222,40.02533919628637,7.0,7.0,14.0,28.0,154.0
46,14.0,21.5,37.29044010302001,7.0,7.0,7.0,14.0,147.0
47,18.0,26.833333333333332,37.21519297592441,7.0,7.0,10.5,33.25,161.0
48,26.0,35.53846153846154,37.089330831634875,7.0,7.0,24.5,42.0,168.0
49,37.0,18.54054054054054,27.071504693429336,7.0,7.0,14.0,21.0,168.0
50,37.0,46.729729729729726,58.52095951625112,7.0,14.0,35.0,49.0,336.0
51,24.0,30.333333333333332,37.76203138726456,7.0,7.0,10.5,36.75,161.0
52,36.0,31.88888888888889,35.15742374583844,7.0,12.25,21.0,35.0,147.0
53,35.0,37.4,40.38869964264175,7.0,14.0,21.0,42.0,154.0
54,37.0,25.91891891891892,29.27681902345492,7.0,7.0,14.0,28.0,147.0
55,35.0,45.4,60.701875152739916,7.0,7.0,28.0,66.5,329.0
56,42.0,29.833333333333332,36.42427270758364,7.0,7.0,14.0,35.0,168.0
57,37.0,31.783783783783782,29.58803731158848,7.0,14.0,21.0,28.0,154.0
58,25.0,44.52,48.28139738380956,7.0,7.0,14.0,77.0,147.0
59,37.0,35.75675675675676,35.57027895230434,7.0,14.0,21.0,49.0,147.0
60,32.0,62.34375,74.8739195624562,7.0,7.0,31.5,77.0,329.0
61,23.0,22.82608695652174,36.691158427056614,7.0,7.0,7.0,17.5,161.0
62,40.0,33.425,35.81568736655017,7.0,14.0,21.0,36.75,168.0
63,34.0,51.6764705882353,49.52790495250083,7.0,14.0,38.5,63.0,203.0
64,35.0,58.6,72.82703118065596,7.0,7.0,21.0,91.0,259.0
65,39.0,27.82051282051282,30.235802927613204,7.0,7.0,14.0,31.5,154.0
66,30.0,48.53333333333333,53.687302379441725,7.0,7.0,21.0,70.0,182.0
67,11.0,51.54545454545455,49.52446594636561,7.0,7.0,42.0,66.5,147.0
68,43.0,33.2093023255814,30.592216672386332,7.0,14.0,28.0,42.0,175.0
69,16.0,29.75,41.648529385801844,7.0,7.0,10.5,29.75,161.0
70,31.0,41.096774193548384,44.33610630829736,7.0,7.0,28.0,59.5,196.0
71,16.0,27.5625,47.094187539440576,7.0,7.0,10.5,21.0,189.0
72,28.0,49.5,52.415363877114984,7.0,7.0,38.5,57.75,175.0
73,44.0,32.61363636363637,32.48199208369398,7.0,14.0,24.5,49.0,196.0
74,49.0,34.857142857142854,29.36976903779349,7.0,14.0,21.0,49.0,175.0
75,50.0,33.04,28.143915861159055,7.0,14.0,28.0,47.25,161.0
76,33.0,39.878787878787875,45.042866788037024,7.0,7.0,21.0,49.0,196.0
77,44.0,33.88636363636363,34.98186633837389,7.0,12.25,21.0,42.0,203.0
78,17.0,33.35294117647059,45.46831475938848,7.0,7.0,14.0,42.0,182.0
79,40.0,34.3,54.95368679449716,7.0,7.0,7.0,24.5,245.0
80,29.0,58.89655172413793,67.80346853095044,7.0,7.0,21.0,77.0,210.0
81,38.0,28.18421052631579,37.27172340496348,7.0,7.0,14.0,33.25,189.0
82,10.0,27.3,50.2019255938787,7.0,7.0,7.0,14.0,168.0
83,20.0,23.8,38.16529147909407,7.0,7.0,14.0,22.75,182.0
84,26.0,42.80769230769231,46.57297004123248,7.0,7.0,28.0,61.25,189.0
85,37.0,19.675675675675677,30.991982882723118,7.0,7.0,7.0,21.0,189.0
86,39.0,42.53846153846154,52.17069461410514,7.0,14.0,28.0,49.0,273.0
87,23.0,29.82608695652174,41.42424868898215,7.0,7.0,7.0,42.0,189.0
88,33.0,38.18181818181818,38.22421888137034,7.0,14.0,28.0,42.0,196.0
89,31.0,46.96774193548387,62.5627598874217,7.0,14.0,28.0,45.5,308.0
90,34.0,31.91176470588235,36.967936678234956,7.0,7.0,14.0,47.25,175.0
91,36.0,52.888888888888886,63.74985838764227,7.0,19.25,28.0,63.0,329.0
92,37.0,37.83783783783784,39.75097029809008,7.0,7.0,21.0,49.0,196.0
93,37.0,30.27027027027027,34.65035565686372,7.0,7.0,21.0,42.0,203.0
94,24.0,50.75,54.46678285691756,7.0,7.0,21.0,105.0,175.0
95,36.0,39.861111111111114,38.37048923905512,7.0,14.0,21.0,49.0,189.0
96,30.0,65.8,63.00268193525163,7.0,7.0,56.0,91.0,231.0
97,17.0,27.58823529411765,43.18428363353011,7.0,7.0,7.0,28.0,182.0
98,42.0,30.333333333333332,34.31608217636389,7.0,14.0,21.0,28.0,189.0
99,32.0,61.03125,70.09554970687995,7.0,12.25,38.5,70.0,287.0
100,35.0,58.6,86.78614690212746,7.0,7.0,14.0,70.0,315.0
101,40.0,29.575,30.42931068423912,7.0,14.0,21.0,35.0,175.0
102,30.0,46.43333333333333,53.0397920455,7.0,7.0,28.0,59.5,189.0
103,13.0,42.0,50.63924696649165,7.0,7.0,14.0,49.0,168.0
104,46.0,33.32608695652174,31.17196343427578,7.0,14.0,28.0,42.0,196.0
105,14.0,33.5,49.81465647778774,7.0,7.0,10.5,21.0,182.0
106,32.0,56.65625,61.03389295063586,7.0,14.0,31.5,77.0,217.0
107,10.0,42.7,62.90919381669635,7.0,7.0,10.5,49.0,203.0
108,22.0,61.40909090909091,61.66859128855751,7.0,17.5,42.0,75.25,231.0
109,45.0,32.82222222222222,34.026252491067225,7.0,14.0,28.0,42.0,217.0
110,38.0,29.842105263157894,34.434839613854216,7.0,7.0,17.5,35.0,182.0
111,30.0,26.133333333333333,31.084682260952384,7.0,7.0,17.5,33.25,168.0
112,27.0,58.851851851851855,74.41758668471593,7.0,7.0,14.0,84.0,266.0
113,41.0,34.146341463414636,36.21088301575215,7.0,7.0,28.0,42.0,210.0
114,16.0,41.5625,49.92256503826701,7.0,7.0,24.5,59.5,203.0
115,38.0,34.81578947368421,49.64406023813376,7.0,7.0,14.0,33.25,224.0
116,32.0,59.28125,75.22406717439615,7.0,7.0,24.5,82.25,273.0
117,33.0,41.78787878787879,47.395119458493284,7.0,14.0,21.0,49.0,217.0
118,12.0,26.833333333333332,54.12583542640298,7.0,7.0,7.0,12.25,196.0
119,20.0,28.35,46.79099665983888,7.0,7.0,10.5,28.0,210.0
120,26.0,47.65384615384615,70.39144397308088,7.0,7.0,14.0,35.0,238.0
121,37.0,22.324324324324323,37.79848178465935,7.0,7.0,14.0,21.0,231.0
122,34.0,46.73529411764706,55.53994403349905,7.0,14.0,21.0,54.25,231.0
123,22.0,30.863636363636363,49.48140146468257,7.0,7.0,14.0,35.0,238.0
124,40.0,35.875,37.28352045389353,7.0,14.0,24.5,42.0,203.0
125,38.0,41.44736842105263,63.47917188462602,7.0,14.0,21.0,42.0,308.0
126,33.0,37.54545454545455,52.114112117718946,7.0,7.0,14.0,49.0,245.0
127,39.0,48.1025641025641,60.60432278823667,7.0,10.5,28.0,49.0,273.0
128,31.0,49.45161290322581,65.31505120551078,7.0,7.0,21.0,59.5,252.0
129,32.0,46.59375,68.20692395795643,7.0,14.0,28.0,49.0,336.0
130,23.0,49.608695652173914,55.23564324405918,7.0,7.0,28.0,91.0,203.0
131,40.0,31.85,39.43742203048085,7.0,12.25,21.0,35.0,224.0
132,30.0,64.86666666666666,71.4083610159798,7.0,7.0,28.0,103.25,238.0
133,17.0,36.23529411764706,56.93475367884354,7.0,7.0,7.0,35.0,224.0
134,40.0,29.925,36.76773076545554,7.0,14.0,21.0,35.0,224.0
135,31.0,56.45161290322581,69.41269754623546,7.0,7.0,35.0,63.0,259.0
136,35.0,59.6,91.16410542339051,7.0,7.0,7.0,63.0,336.0
137,43.0,27.348837209302324,38.6078475374226,7.0,7.0,14.0,28.0,231.0
138,27.0,51.333333333333336,61.48608347860889,7.0,7.0,35.0,52.5,210.0
139,16.0,63.875,66.25393070100318,7.0,7.0,31.5,119.0,203.0
