id,count,mean,std,min,25%,50%,75%,max
0,90.0,7.177777777777778,13.344676822636965,0.0,0.0,0.0,12.25,100.0
1,117.0,6.837606837606837,12.786008830342956,0.0,0.0,0.0,7.0,107.0
2,115.0,7.930434782608696,12.898199071304106,0.0,0.0,7.0,14.0,107.0
3,117.0,6.299145299145299,11.812664855456065,0.0,0.0,0.0,7.0,100.0
4,102.0,7.911764705882353,13.718602634420105,0.0,0.0,7.0,7.0,114.0
5,117.0,6.837606837606837,13.479842719432689,0.0,0.0,7.0,7.0,121.0
6,74.0,4.0,12.47682783710316,0.0,0.0,0.0,7.0,100.0
7,123.0,8.211382113821138,14.773287830405435,0.0,0.0,0.0,10.5,107.0
8,124.0,7.806451612903226,13.756108721000322,0.0,0.0,0.0,14.0,114.0
9,125.0,6.568,14.317447060233212,0.0,0.0,0.0,7.0,121.0
10,50.0,3.68,15.583141073425656,0.0,0.0,0.0,0.0,107.0
11,75.0,4.6,13.037368330033978,0.0,0.0,0.0,7.0,100.0
12,88.0,7.5,15.061559504667626,0.0,0.0,0.0,7.0,121.0
13,126.0,5.626984126984127,12.023799151339233,0.0,0.0,0.0,7.0,114.0
14,115.0,8.11304347826087,13.788353347097283,0.0,0.0,7.0,10.5,121.0
15,76.0,4.723684210526316,12.994972037123206,0.0,0.0,0.0,7.0,100.0
16,115.0,7.565217391304348,13.505119519715484,0.0,0.0,7.0,7.0,107.0
17,114.0,7.385964912280702,14.491687438421975,0.0,0.0,0.0,7.0,114.0
18,114.0,7.447368421052632,15.225788617710624,0.0,0.0,0.0,7.0,107.0
19,117.0,7.316239316239316,14.060000473739123,0.0,0.0,7.0,7.0,121.0
20,119.0,7.663865546218488,13.991690821682905,0.0,0.0,0.0,7.0,100.0
21,116.0,6.896551724137931,13.300787364954607,0.0,0.0,0.0,8.75,121.0
22,76.0,3.1578947368421053,12.759365325468659,0.0,0.0,0.0,0.0,107.0
23,113.0,7.513274336283186,13.523864518118508,0.0,0.0,7.0,7.0,114.0
24,116.0,8.163793103448276,12.865149395382755,0.0,0.0,7.0,14.0,114.0
25,76.0,4.907894736842105,13.372785929221028,0.0,0.0,0.0,7.0,100.0
26,117.0,6.777777777777778,12.389589004838388,0.0,0.0,0.0,7.0,100.0
27,117.0,7.615384615384615,13.589325269240174,0.0,0.0,0.0,14.0,107.0
28,124.0,7.411290322580645,13.496167535968496,0.0,0.0,0.0,8.75,114.0
29,118.0,7.610169491525424,13.91490248194856,0.0,0.0,0.0,14.0,121.0
30,91.0,6.175824175824176,14.353159471460867,0.0,0.0,0.0,7.0,114.0
31,49.0,5.8979591836734695,16.06658657218865,0.0,0.0,0.0,7.0,107.0
32,116.0,8.344827586206897,14.195592364488022,0.0,0.0,7.0,14.0,121.0
33,49.0,3.0408163265306123,14.425034927273527,0.0,0.0,0.0,0.0,100.0
34,114.0,9.903508771929825,16.57002801106664,0.0,0.0,7.0,14.0,128.0
35,43.0,4.116279069767442,17.98836833481117,0.0,0.0,0.0,0.0,114.0
36,90.0,8.033333333333333,18.166180455988833,0.0,0.0,0.0,7.0,135.0
37,117.0,6.598290598290598,13.701283497050513,0.0,0.0,0.0,7.0,128.0
38,114.0,8.798245614035087,16.999312752668374,0.0,0.0,0.0,14.0,142.0
39,115.0,7.078260869565217,14.00322508347158,0.0,0.0,0.0,7.0,121.0
40,100.0,8.98,16.780809144840294,0.0,0.0,7.0,14.0,142.0
41,117.0,6.837606837606837,15.468520461178047,0.0,0.0,0.0,7.0,149.0
42,74.0,4.378378378378378,15.532293096679897,0.0,0.0,0.0,5.25,128.0
43,120.0,8.183333333333334,15.546073206982614,0.0,0.0,3.5,7.0,135.0
44,122.0,8.10655737704918,16.987505071265396,0.0,0.0,0.0,14.0,163.0
45,124.0,7.411290322580645,16.62157090830295,0.0,0.0,0.0,7.0,142.0
46,50.0,4.66,19.281597444195334,0.0,0.0,0.0,0.0,135.0
47,75.0,5.906666666666666,16.027993529340364,0.0,0.0,0.0,7.0,128.0
48,87.0,9.436781609195402,18.31869114689889,0.0,0.0,7.0,14.0,149.0
49,124.0,5.717741935483871,16.046457190159625,0.0,0.0,0.0,7.0,149.0
50,114.0,8.12280701754386,15.940786642339438,0.0,0.0,7.0,7.0,142.0
51,76.0,5.368421052631579,16.03732488520714,0.0,0.0,0.0,7.0,128.0
52,114.0,8.18421052631579,17.323862406035527,0.0,0.0,0.0,7.0,135.0
53,113.0,7.823008849557522,15.67768551186206,0.0,0.0,0.0,7.0,135.0
54,114.0,7.078947368421052,17.271463362140793,0.0,0.0,0.0,7.0,142.0
55,117.0,7.256410256410256,15.67072487274074,0.0,0.0,0.0,7.0,149.0
56,117.0,8.692307692307692,15.004287627703427,0.0,0.0,7.0,14.0,128.0
57,116.0,7.077586206896552,14.682228750413213,0.0,0.0,7.0,7.0,142.0
58,73.0,6.835616438356165,17.661173437350374,0.0,0.0,0.0,7.0,135.0
59,113.0,7.6371681415929205,17.018404925100658,0.0,0.0,0.0,7.0,142.0
60,115.0,8.539130434782608,15.91054320889566,0.0,0.0,7.0,14.0,149.0
61,76.0,6.75,16.53934702459562,0.0,0.0,0.0,7.0,128.0
62,117.0,6.957264957264957,13.520988258612507,0.0,0.0,0.0,14.0,128.0
63,116.0,8.043103448275861,15.520753142516778,0.0,0.0,7.0,14.0,142.0
64,122.0,6.729508196721311,14.443985213473452,0.0,0.0,0.0,7.0,135.0
65,115.0,8.11304347826087,18.757812509183257,0.0,0.0,0.0,7.0,149.0
66,90.0,6.944444444444445,16.821175199169307,0.0,0.0,0.0,7.0,142.0
67,48.0,6.604166666666667,20.452060795434328,0.0,0.0,0.0,7.0,135.0
68,115.0,7.078260869565217,15.298290138424631,0.0,0.0,7.0,7.0,149.0
69,48.0,5.0,19.098847018781225,0.0,0.0,0.0,0.0,128.0
70,111.0,9.792792792792794,18.54925488193142,0.0,0.0,7.0,14.0,156.0
71,42.0,6.380952380952381,21.36780388746787,0.0,0.0,0.0,7.0,135.0
72,87.0,9.758620689655173,21.44488095107113,0.0,0.0,0.0,10.5,163.0
73,116.0,7.560344827586207,19.595602342985217,0.0,0.0,0.0,7.0,191.0
74,112.0,9.580357142857142,20.822128904690608,0.0,0.0,7.0,14.0,184.0
75,115.0,7.260869565217392,16.2102885655245,0.0,0.0,0.0,7.0,149.0
76,99.0,11.05050505050505,25.963622014458387,0.0,0.0,7.0,14.0,233.0
77,116.0,7.198275862068965,17.59655096026353,0.0,0.0,7.0,7.0,177.0
78,74.0,4.662162162162162,18.37156604910509,0.0,0.0,0.0,7.0,156.0
79,120.0,9.0,18.114017971141124,0.0,0.0,7.0,14.0,163.0
80,120.0,8.241666666666667,17.765037816662563,0.0,0.0,0.0,14.0,170.0
81,121.0,8.115702479338843,18.655289724653,0.0,0.0,0.0,14.0,184.0
82,49.0,6.755102040816326,22.307071573312143,0.0,0.0,0.0,7.0,149.0
83,75.0,5.906666666666666,18.948845314127684,0.0,0.0,0.0,7.0,156.0
84,85.0,9.988235294117647,19.209678932920312,0.0,0.0,7.0,14.0,156.0
85,123.0,6.504065040650406,16.020670041727314,0.0,0.0,0.0,7.0,163.0
86,114.0,8.798245614035087,19.681166517230704,0.0,0.0,0.0,14.0,177.0
87,74.0,6.175675675675675,22.688696182652617,0.0,0.0,0.0,7.0,191.0
88,114.0,9.350877192982455,23.644109991218112,0.0,0.0,7.0,7.0,175.0
89,113.0,7.761061946902655,20.933258882305648,0.0,0.0,0.0,7.0,191.0
90,113.0,8.876106194690266,20.386503213507122,0.0,0.0,0.0,7.0,156.0
91,116.0,6.956896551724138,16.916877212792073,0.0,0.0,3.5,7.0,163.0
92,114.0,9.473684210526315,19.440497155919292,0.0,0.0,7.0,14.0,177.0
93,114.0,6.771929824561403,17.135087991913174,0.0,0.0,0.0,7.0,170.0
94,73.0,6.6438356164383565,19.762738411671556,0.0,0.0,0.0,7.0,156.0
95,113.0,8.628318584070797,21.38306852322712,0.0,0.0,0.0,7.0,170.0
96,113.0,8.690265486725664,18.744084612607836,0.0,0.0,7.0,14.0,163.0
97,75.0,9.08,24.34646319838408,0.0,0.0,0.0,7.0,177.0
98,117.0,6.777777777777778,16.16408914160578,0.0,0.0,0.0,7.0,163.0
99,114.0,8.859649122807017,16.96893423522336,0.0,0.0,7.0,14.0,156.0
