id,count,mean,std,min,25%,50%,75%,max
0,24.0,14.375,19.135245195597893,7.0,7.0,7.0,15.75,100.0
1,38.0,13.5,16.18265671570581,7.0,7.0,7.0,14.0,100.0
2,55.0,14.545454545454545,13.491860621511883,7.0,7.0,14.0,21.0,100.0
3,37.0,13.297297297297296,15.414395985688298,7.0,7.0,7.0,14.0,100.0
4,26.0,17.846153846153847,22.447614229921733,7.0,7.0,7.0,19.25,100.0
5,37.0,13.297297297297296,16.848779818769707,7.0,7.0,7.0,14.0,100.0
6,14.0,15.642857142857142,24.64706923709231,7.0,7.0,7.0,12.25,100.0
7,35.0,15.857142857142858,21.724400563236095,7.0,7.0,7.0,14.0,100.0
8,32.0,18.875,21.68208715105182,7.0,7.0,7.0,22.75,100.0
9,32.0,13.625,17.63930727920806,7.0,7.0,7.0,14.0,100.0
10,9.0,22.0,31.42053468672995,7.0,7.0,7.0,14.0,100.0
11,16.0,15.0,23.189077888810786,7.0,7.0,7.0,8.75,100.0
12,17.0,17.41176470588235,23.924513640640146,7.0,7.0,7.0,14.0,100.0
13,29.0,13.344827586206897,17.53420302899647,7.0,7.0,7.0,14.0,100.0
14,28.0,16.821428571428573,20.13482991389239,7.0,7.0,7.0,17.5,100.0
15,17.0,14.117647058823529,22.33797873840977,7.0,7.0,7.0,14.0,100.0
16,24.0,14.083333333333334,20.37883955109504,7.0,7.0,7.0,8.75,100.0
17,40.0,12.475,15.370613820884618,7.0,7.0,7.0,14.0,100.0
18,31.0,13.387096774193548,17.13218689942966,7.0,7.0,7.0,14.0,100.0
19,33.0,13.0,16.9336942218761,7.0,7.0,7.0,14.0,100.0
20,39.0,13.692307692307692,16.0937285041718,7.0,7.0,7.0,14.0,100.0
21,33.0,15.969696969696969,17.817626189543404,7.0,7.0,7.0,14.0,100.0
22,18.0,19.944444444444443,24.423884699016448,7.0,7.0,7.0,24.5,100.0
23,26.0,14.884615384615385,19.972635125244587,7.0,7.0,7.0,12.25,100.0
24,41.0,14.048780487804878,17.60248735195142,7.0,7.0,7.0,14.0,100.0
25,18.0,19.166666666666668,22.40338734892298,7.0,7.0,7.0,26.25,100.0
26,36.0,12.5,16.36459593146131,7.0,7.0,7.0,8.75,100.0
27,39.0,17.641025641025642,21.011885332738878,7.0,7.0,7.0,17.5,100.0
28,42.0,16.88095238095238,21.389765481732866,7.0,7.0,7.0,14.0,100.0
29,31.0,13.838709677419354,17.70517207709572,7.0,7.0,7.0,14.0,100.0
30,13.0,17.923076923076923,26.644141127277052,7.0,7.0,7.0,7.0,100.0
31,11.0,18.0,27.589853207293437,7.0,7.0,7.0,14.0,100.0
32,34.0,13.235294117647058,16.190267977510462,7.0,7.0,7.0,14.0,100.0
33,9.0,18.11111111111111,30.795472250171958,7.0,7.0,7.0,7.0,100.0
34,38.0,15.710526315789474,20.510917191579445,7.0,7.0,7.0,14.0,100.0
35,5.0,25.6,41.59086438149609,7.0,7.0,7.0,7.0,100.0
36,32.0,14.9375,21.04057140767071,7.0,7.0,7.0,14.0,121.0
37,34.0,12.617647058823529,18.308823350442765,7.0,7.0,7.0,14.0,114.0
38,54.0,17.01851851851852,17.097380071548134,7.0,7.0,14.0,21.0,128.0
39,51.0,14.313725490196079,14.188009298105824,7.0,7.0,14.0,14.0,107.0
40,27.0,17.185185185185187,22.68519855805176,7.0,7.0,7.0,21.0,121.0
41,39.0,14.41025641025641,18.095823811205943,7.0,7.0,7.0,14.0,114.0
42,19.0,14.842105263157896,23.63674906650127,7.0,7.0,7.0,7.0,107.0
43,36.0,16.77777777777778,24.367555843329423,7.0,7.0,7.0,14.0,135.0
44,38.0,17.92105263157895,23.122916652915904,7.0,7.0,7.0,21.0,121.0
45,32.0,14.71875,21.771888318833117,7.0,7.0,7.0,14.0,128.0
46,17.0,13.705882352941176,24.15254827622324,7.0,7.0,7.0,7.0,107.0
47,9.0,20.444444444444443,35.38753704028832,7.0,7.0,7.0,7.0,114.0
48,25.0,16.6,21.625602111078127,7.0,7.0,7.0,14.0,107.0
49,30.0,15.7,21.309136780846558,7.0,7.0,7.0,14.0,107.0
50,33.0,13.424242424242424,20.46190103434659,7.0,7.0,7.0,7.0,121.0
51,10.0,22.6,32.58220373148508,7.0,7.0,14.0,19.25,114.0
52,30.0,13.366666666666667,23.98776028890903,7.0,7.0,7.0,7.0,135.0
53,37.0,13.297297297297296,17.19151092975972,7.0,7.0,7.0,14.0,107.0
54,31.0,14.96774193548387,21.485629105625836,7.0,7.0,14.0,14.0,128.0
55,39.0,17.102564102564102,20.057542054109263,7.0,7.0,7.0,21.0,121.0
56,34.0,18.58823529411765,20.443740461671172,7.0,7.0,14.0,26.25,114.0
57,36.0,14.833333333333334,20.85665361461421,7.0,7.0,7.0,14.0,128.0
58,26.0,20.807692307692307,26.135063391190357,7.0,7.0,7.0,21.0,114.0
59,33.0,13.424242424242424,21.57549290142392,7.0,7.0,7.0,7.0,128.0
60,43.0,19.25581395348837,22.923364067148583,7.0,7.0,14.0,21.0,121.0
61,24.0,18.166666666666668,21.991434432655755,7.0,7.0,7.0,21.0,107.0
62,28.0,14.071428571428571,20.522667813417776,7.0,7.0,7.0,14.0,114.0
63,41.0,19.170731707317074,20.874508903234574,7.0,7.0,7.0,28.0,114.0
64,46.0,14.652173913043478,18.1416860557904,7.0,7.0,7.0,14.0,121.0
65,42.0,12.214285714285714,19.232259122130362,7.0,7.0,7.0,7.0,128.0
66,21.0,15.761904761904763,27.42062136769472,7.0,7.0,7.0,7.0,128.0
67,14.0,16.142857142857142,30.28545510981783,7.0,7.0,7.0,7.0,121.0
68,41.0,14.560975609756097,18.433731012043932,7.0,7.0,7.0,14.0,121.0
69,7.0,25.285714285714285,42.334833119289556,7.0,7.0,7.0,14.0,121.0
70,42.0,15.047619047619047,20.865366777944857,7.0,7.0,7.0,14.0,128.0
71,12.0,22.333333333333332,34.13964193595404,7.0,7.0,7.0,15.75,121.0
72,29.0,18.896551724137932,28.41320722529553,7.0,7.0,7.0,21.0,156.0
73,36.0,15.027777777777779,23.875254507078616,7.0,7.0,7.0,14.0,149.0
74,57.0,17.350877192982455,18.337599184725605,7.0,7.0,14.0,21.0,142.0
75,52.0,15.115384615384615,18.033361073684414,7.0,7.0,14.0,15.75,135.0
76,26.0,18.923076923076923,28.606185452692678,7.0,7.0,7.0,14.0,142.0
77,39.0,16.205128205128204,25.34621272153369,7.0,7.0,7.0,14.0,163.0
78,16.0,18.5,30.59847490752875,7.0,7.0,7.0,14.0,128.0
79,40.0,22.625,27.069414569366014,7.0,7.0,10.5,28.0,149.0
80,36.0,21.63888888888889,27.420693726535156,7.0,7.0,7.0,22.75,149.0
81,36.0,19.5,26.544302590198146,7.0,7.0,7.0,21.0,156.0
82,13.0,19.53846153846154,35.21272351630724,7.0,7.0,7.0,14.0,135.0
83,20.0,19.7,34.35587745625883,7.0,7.0,7.0,10.5,149.0
84,27.0,20.037037037037038,25.48828008423522,7.0,7.0,14.0,24.5,135.0
85,33.0,16.181818181818183,22.702497860167483,7.0,7.0,7.0,14.0,135.0
86,36.0,16.97222222222222,26.510899226125428,7.0,7.0,7.0,14.0,156.0
87,15.0,16.0,34.85685011586675,7.0,7.0,7.0,7.0,142.0
88,24.0,15.25,28.757229714796335,7.0,7.0,7.0,14.0,149.0
89,42.0,13.380952380952381,19.72240570710698,7.0,7.0,7.0,14.0,135.0
90,39.0,13.871794871794872,22.991050303587237,7.0,7.0,7.0,14.0,149.0
91,48.0,17.979166666666668,21.704484861902788,7.0,7.0,10.5,21.0,142.0
92,34.0,18.38235294117647,29.80646127419086,7.0,7.0,7.0,19.25,170.0
93,36.0,17.555555555555557,25.438378704451885,7.0,7.0,10.5,21.0,156.0
94,25.0,22.48,29.61857525270248,7.0,7.0,7.0,21.0,142.0
95,31.0,14.741935483870968,28.021382004861312,7.0,7.0,7.0,14.0,163.0
96,39.0,19.615384615384617,26.261454026982893,7.0,7.0,7.0,21.0,149.0
97,18.0,24.61111111111111,34.064193532883635,7.0,7.0,14.0,31.5,149.0
98,33.0,16.181818181818183,25.472355782120133,7.0,7.0,7.0,14.0,149.0
99,40.0,22.45,28.193425311040706,7.0,7.0,10.5,28.0,149.0
