id,count,mean,std,min,25%,50%,75%,max
0,79.0,10.278481012658228,12.839179529721894,2.0,4.0,8.0,12.0,106.0
1,46.0,9.08695652173913,13.136591959453515,0.0,4.0,7.5,11.0,90.0
2,52.0,10.192307692307692,13.18947658587525,0.0,3.75,8.0,12.0,87.0
3,47.0,10.212765957446809,13.152840939958917,0.0,4.5,8.0,11.5,86.0
4,67.0,11.716417910447761,13.179191553525689,0.0,4.0,12.0,14.0,96.0
5,45.0,11.0,13.835067434208295,0.0,4.0,8.0,12.0,81.0
6,65.0,11.415384615384616,11.375538871428668,0.0,8.0,9.0,14.0,80.0
7,116.0,8.508620689655173,9.347862522156252,0.0,2.0,8.0,11.75,81.0
8,71.0,9.929577464788732,11.884352189403113,0.0,4.0,8.0,13.5,94.0
9,42.0,14.047619047619047,17.13640025515844,2.0,6.0,12.0,14.75,110.0
10,51.0,9.901960784313726,14.257987097708826,0.0,0.0,14.0,14.0,94.0
11,79.0,11.848101265822784,13.565688814625478,2.0,4.0,10.0,14.0,110.0
12,63.0,10.095238095238095,11.899734729646063,0.0,6.0,9.0,12.0,90.0
13,89.0,8.51685393258427,6.630015013610044,0.0,2.0,7.0,14.0,32.0
14,74.0,7.081081081081081,5.130507082622794,0.0,2.0,8.0,10.0,24.0
15,63.0,9.65079365079365,5.5913491076689175,0.0,8.0,9.0,14.0,17.0
16,42.0,7.357142857142857,4.957484750583183,0.0,4.25,7.5,10.75,26.0
17,44.0,11.204545454545455,17.7076774118874,2.0,4.0,8.0,12.0,120.0
18,86.0,9.023255813953488,10.957647605196643,0.0,2.0,8.0,10.75,88.0
19,91.0,7.65934065934066,9.80727596137999,0.0,2.0,6.0,10.0,88.0
20,77.0,9.12987012987013,12.708628077589287,0.0,2.0,8.0,12.0,104.0
21,43.0,9.511627906976743,12.691151947834056,2.0,4.5,8.0,10.0,85.0
22,89.0,10.584269662921349,11.133292607763973,2.0,4.0,10.0,14.0,84.0
23,45.0,11.155555555555555,15.763818693387076,2.0,4.0,8.0,12.0,106.0
24,90.0,7.788888888888889,9.815711373242213,0.0,3.0,7.0,10.0,85.0
25,95.0,8.8,9.627752438719881,2.0,4.0,6.0,14.0,84.0
26,45.0,10.11111111111111,13.484371799541972,2.0,5.0,8.0,11.0,92.0
27,78.0,9.73076923076923,12.024512925225332,0.0,4.0,8.0,11.75,92.0
28,72.0,9.527777777777779,11.747306820177403,0.0,4.0,8.0,13.0,93.0
29,90.0,9.622222222222222,12.664715008329136,0.0,2.25,8.0,11.0,108.0
30,80.0,9.8375,11.94231255301602,2.0,4.0,8.0,11.0,98.0
31,70.0,10.385714285714286,11.317925831819874,2.0,3.25,5.0,14.0,82.0
32,54.0,8.5,13.314412675956097,0.0,2.5,7.0,10.0,98.0
33,74.0,9.85135135135135,11.192808885689663,2.0,3.0,5.0,14.0,82.0
34,79.0,8.91139240506329,10.009213541965199,2.0,5.0,8.0,11.0,87.0
35,31.0,13.290322580645162,14.823840142120387,6.0,7.0,12.0,12.0,86.0
36,78.0,10.371794871794872,14.167925156144188,2.0,4.0,8.0,12.0,122.0
37,46.0,9.717391304347826,17.54823580050556,0.0,4.25,8.0,10.0,123.0
38,51.0,8.235294117647058,14.254246013443316,0.0,2.0,6.0,10.0,103.0
39,46.0,10.41304347826087,15.778432659743729,0.0,4.0,8.0,11.0,102.0
40,67.0,10.074626865671641,13.79647894566056,0.0,4.0,9.0,13.5,112.0
41,45.0,11.0,19.13231440640297,0.0,5.0,8.0,11.0,128.0
42,65.0,11.123076923076923,13.147608732564846,0.0,8.0,8.0,14.0,97.0
43,113.0,8.63716814159292,13.395136342093037,0.0,2.0,8.0,10.0,128.0
44,70.0,9.857142857142858,15.320996026846897,0.0,4.0,8.0,12.0,126.0
45,39.0,12.205128205128204,21.935526923930947,2.0,4.5,7.0,13.5,142.0
46,50.0,10.88,18.015458214929687,0.0,1.0,14.0,14.0,126.0
47,76.0,10.486842105263158,16.44748687676642,2.0,4.0,10.0,14.0,142.0
48,63.0,10.920634920634921,15.964983443917733,0.0,6.0,9.0,12.0,123.0
49,85.0,7.905882352941177,6.753523823428288,0.0,2.0,7.0,11.0,33.0
50,73.0,8.602739726027398,6.718010051817174,0.0,2.0,9.0,12.0,32.0
51,63.0,10.46031746031746,8.296570214067273,0.0,8.0,9.0,14.0,48.0
52,42.0,7.261904761904762,4.090795878253735,0.0,4.25,8.0,10.0,16.0
53,44.0,11.181818181818182,19.967732956147874,2.0,4.0,8.0,11.25,136.0
54,86.0,8.55813953488372,12.029967142063374,0.0,2.0,8.0,11.0,104.0
55,89.0,8.168539325842696,13.31031380261202,0.0,3.0,6.0,10.0,120.0
56,77.0,9.974025974025974,19.869954855174807,0.0,2.0,8.0,10.0,169.0
57,43.0,10.883720930232558,15.25061950705076,2.0,4.5,8.0,12.0,101.0
58,89.0,10.348314606741573,11.987778931815505,2.0,4.0,10.0,14.0,100.0
59,45.0,12.244444444444444,20.318101597473436,2.0,4.0,9.0,12.0,138.0
60,89.0,7.808988764044944,11.26325119025907,0.0,3.0,6.0,10.0,101.0
61,95.0,8.421052631578947,11.153263950634344,2.0,4.0,6.0,14.0,100.0
62,42.0,10.619047619047619,18.526121809886448,2.0,4.0,8.0,10.0,124.0
63,77.0,9.467532467532468,14.735014167464495,0.0,5.0,8.0,11.0,124.0
64,71.0,9.67605633802817,15.040682590786252,0.0,4.0,8.0,13.0,125.0
65,89.0,8.97752808988764,15.377061966751503,0.0,2.0,8.0,10.0,140.0
66,80.0,9.85,13.205388236663573,2.0,4.0,8.0,11.0,114.0
67,67.0,10.0,15.99810594849884,2.0,3.0,5.0,14.0,130.0
68,53.0,8.226415094339623,15.351824634017088,0.0,2.0,6.0,10.0,114.0
69,72.0,9.625,15.522303353834143,2.0,3.0,4.5,14.0,130.0
70,79.0,9.012658227848101,13.209838671044684,2.0,4.0,8.0,10.0,118.0
71,30.0,14.533333333333333,17.750635410352622,6.0,7.0,12.0,12.0,102.0
72,77.0,10.064935064935066,15.819988740379303,2.0,4.0,8.0,11.0,138.0
73,46.0,10.391304347826088,22.201579784500385,0.0,4.0,7.5,10.0,154.0
74,49.0,9.795918367346939,19.10931229339587,0.0,3.0,6.0,10.0,135.0
75,45.0,10.71111111111111,17.518330947665056,0.0,4.0,8.0,12.0,118.0
76,65.0,11.646153846153846,17.805749395587416,0.0,5.0,9.0,14.0,145.0
77,45.0,9.911111111111111,20.83574531492173,0.0,4.0,8.0,11.0,144.0
78,64.0,12.0,15.441646429200626,0.0,8.0,8.0,14.0,113.0
79,112.0,9.330357142857142,14.59877101630871,0.0,2.0,8.0,14.0,144.0
