id,count,mean,std,min,25%,50%,75%,max
0,102.0,59.90196078431372,49.99356588382774,18.0,18.0,36.0,90.0,234.0
1,89.0,79.37078651685393,68.84408966882275,18.0,36.0,54.0,108.0,270.0
2,98.0,67.6734693877551,71.59375304059145,18.0,18.0,36.0,72.0,288.0
3,88.0,81.0909090909091,66.00237480291013,18.0,31.5,72.0,90.0,270.0
4,117.0,48.99145299145299,43.86941746123212,18.0,18.0,18.0,72.0,198.0
5,91.0,76.63736263736264,67.3273126819052,18.0,18.0,54.0,108.0,288.0
6,81.0,67.87654320987654,86.4877712043803,18.0,18.0,18.0,54.0,288.0
7,149.0,32.42953020134228,20.82561281456376,18.0,18.0,18.0,36.0,126.0
8,123.0,49.82113821138211,48.71126582594613,18.0,18.0,18.0,72.0,288.0
9,127.0,47.968503937007874,35.19919213716575,18.0,18.0,36.0,72.0,144.0
10,98.0,22.306122448979593,12.15824200808323,18.0,18.0,18.0,18.0,80.0
11,121.0,31.75206611570248,23.367456355558378,18.0,18.0,18.0,36.0,144.0
12,132.0,30.606060606060606,17.379358457470328,18.0,18.0,18.0,36.0,90.0
13,139.0,40.07194244604317,33.21376532507459,18.0,18.0,18.0,54.0,180.0
14,147.0,35.80952380952381,21.688117235568058,18.0,18.0,36.0,54.0,126.0
15,81.0,69.87654320987654,85.26449769922552,18.0,18.0,18.0,80.0,288.0
16,88.0,78.43181818181819,65.55541578836147,18.0,18.0,54.0,108.0,270.0
17,112.0,56.160714285714285,36.10009946616743,18.0,18.0,54.0,82.5,162.0
18,93.0,74.98924731182795,65.29573103824328,18.0,36.0,54.0,90.0,288.0
19,117.0,57.2991452991453,47.510663949458355,18.0,18.0,36.0,72.0,234.0
20,148.0,34.472972972972975,20.459166548596503,18.0,18.0,36.0,36.0,108.0
21,112.0,56.80357142857143,34.65189548933595,18.0,36.0,54.0,72.0,180.0
22,117.0,31.76068376068376,22.514611949855563,18.0,18.0,18.0,36.0,126.0
23,110.0,56.69090909090909,41.04008902795963,18.0,18.0,36.0,90.0,180.0
24,117.0,55.60683760683761,40.8058813511495,18.0,18.0,36.0,72.0,180.0
25,125.0,29.152,22.967387818944637,18.0,18.0,18.0,36.0,144.0
26,113.0,55.34513274336283,39.61370837572348,18.0,18.0,54.0,72.0,216.0
27,113.0,55.982300884955755,42.409142861299244,18.0,18.0,36.0,72.0,234.0
28,115.0,54.69565217391305,48.302441533773106,18.0,18.0,36.0,72.0,234.0
29,96.0,70.77083333333333,70.00052318100227,18.0,18.0,36.0,90.0,288.0
30,105.0,55.10476190476191,47.31805717480943,18.0,18.0,36.0,72.0,288.0
31,91.0,34.505494505494504,30.437686299269654,18.0,18.0,18.0,36.0,198.0
32,100.0,67.22,69.08048007413329,18.0,18.0,36.0,74.0,288.0
33,97.0,26.804123711340207,18.061607057084817,18.0,18.0,18.0,36.0,90.0
34,120.0,51.81666666666667,48.90188828533259,18.0,18.0,36.0,54.0,270.0
35,87.0,27.816091954022987,21.261674623730833,18.0,18.0,18.0,36.0,162.0
36,102.0,58.666666666666664,50.65928381159401,18.0,18.0,36.0,72.0,234.0
37,89.0,80.17977528089888,72.06918421617725,18.0,18.0,54.0,108.0,288.0
38,98.0,69.51020408163265,66.40336671659146,18.0,18.0,36.0,90.0,306.0
39,87.0,80.7816091954023,66.45953923644005,18.0,18.0,72.0,108.0,270.0
40,115.0,49.84347826086957,45.07393367088683,18.0,18.0,18.0,72.0,198.0
41,90.0,80.08888888888889,66.4191058955557,18.0,36.0,54.0,108.0,306.0
42,81.0,68.09876543209876,86.04702274603572,18.0,18.0,18.0,72.0,324.0
43,145.0,36.179310344827584,24.538990789466407,18.0,18.0,36.0,54.0,134.0
44,118.0,51.932203389830505,51.535686550835536,18.0,18.0,18.0,72.0,252.0
45,125.0,49.024,34.722509200247764,18.0,18.0,36.0,72.0,162.0
46,98.0,25.428571428571427,19.41409839510569,18.0,18.0,18.0,18.0,134.0
47,118.0,31.796610169491526,22.22863300257064,18.0,18.0,18.0,36.0,108.0
48,130.0,32.87692307692308,20.154448365280693,18.0,18.0,18.0,36.0,134.0
49,135.0,41.525925925925925,32.91346175383771,18.0,18.0,18.0,54.0,180.0
50,146.0,34.945205479452056,24.391287540606,18.0,18.0,18.0,36.0,144.0
51,80.0,73.45,87.54136815951934,18.0,18.0,18.0,100.5,270.0
52,88.0,79.86363636363636,66.0677433280716,18.0,36.0,54.0,112.5,270.0
53,111.0,58.288288288288285,37.26450599489287,18.0,36.0,54.0,90.0,162.0
54,92.0,76.97826086956522,64.46090531031739,18.0,18.0,63.0,108.0,270.0
55,117.0,56.52991452991453,46.33193072064854,18.0,18.0,36.0,72.0,252.0
56,146.0,36.42465753424658,23.477306905543507,18.0,18.0,36.0,54.0,144.0
57,112.0,56.642857142857146,35.409790762630635,18.0,18.0,54.0,72.0,162.0
58,114.0,36.07017543859649,27.44188365856125,18.0,18.0,36.0,36.0,162.0
59,110.0,55.872727272727275,42.46555195197029,18.0,18.0,36.0,85.5,216.0
60,113.0,57.575221238938056,40.08780659594424,18.0,36.0,54.0,72.0,216.0
61,123.0,29.91869918699187,22.68154210789858,18.0,18.0,18.0,36.0,162.0
62,112.0,55.517857142857146,35.67242914033471,18.0,18.0,54.0,72.0,144.0
63,112.0,57.44642857142857,42.639244978718985,18.0,18.0,36.0,72.0,234.0
64,115.0,56.573913043478264,47.93618946964355,18.0,18.0,36.0,90.0,252.0
65,93.0,75.3763440860215,68.48292614546735,18.0,36.0,54.0,90.0,288.0
66,103.0,56.699029126213595,49.44135661717022,18.0,18.0,36.0,72.0,288.0
67,90.0,33.28888888888889,29.48594959418234,18.0,18.0,18.0,36.0,180.0
68,99.0,69.71717171717172,70.21890558904542,18.0,18.0,36.0,81.0,288.0
69,94.0,25.74468085106383,17.34466306948114,18.0,18.0,18.0,18.0,98.0
70,114.0,56.75438596491228,49.65964893961158,18.0,18.0,36.0,72.0,270.0
71,85.0,29.741176470588236,17.062317810767393,18.0,18.0,18.0,36.0,116.0
72,100.0,58.94,46.479672976474355,18.0,18.0,36.0,90.0,234.0
73,89.0,80.58426966292134,72.01590875203202,18.0,18.0,54.0,108.0,288.0
74,95.0,71.70526315789473,71.12647914689904,18.0,18.0,36.0,90.0,270.0
75,87.0,80.57471264367815,65.42377638064652,18.0,36.0,54.0,108.0,270.0
76,115.0,50.15652173913043,49.16220758328742,18.0,18.0,18.0,63.0,234.0
77,89.0,79.37078651685393,65.3505202772765,18.0,18.0,54.0,108.0,270.0
78,80.0,71.875,85.24059397235271,18.0,18.0,18.0,94.5,270.0
79,143.0,38.19580419580419,23.126491955300395,18.0,18.0,36.0,54.0,152.0
