id,count,mean,std,min,25%,50%,75%,max
0,9.0,21.88888888888889,40.147990125423604,0.0,7.0,7.0,21.0,127.0
1,10.0,19.0,43.34358853010058,0.0,0.0,7.0,7.0,141.0
2,10.0,16.9,41.42315509202284,0.0,0.0,3.5,7.0,134.0
3,10.0,25.3,39.06134776078379,0.0,0.0,7.0,31.5,120.0
4,10.0,21.1,40.029017252765804,0.0,0.0,7.0,12.25,127.0
5,9.0,28.88888888888889,48.33591947104256,0.0,7.0,7.0,14.0,141.0
6,9.0,19.555555555555557,38.7882427776482,0.0,0.0,0.0,21.0,120.0
7,13.0,24.846153846153847,39.78661029761594,0.0,0.0,7.0,21.0,134.0
8,11.0,20.454545454545453,45.385820773372906,0.0,0.0,7.0,10.5,155.0
9,11.0,20.454545454545453,41.63739577918782,0.0,0.0,0.0,24.5,141.0
10,5.0,31.0,50.333885206687555,0.0,7.0,7.0,21.0,120.0
11,10.0,16.9,40.203510073403066,0.0,0.0,0.0,5.25,127.0
12,8.0,18.5,41.49698784249286,0.0,0.0,0.0,14.0,120.0
13,11.0,12.818181818181818,37.973196288482704,0.0,0.0,0.0,3.5,127.0
14,9.0,18.77777777777778,43.48211637494712,0.0,0.0,7.0,7.0,134.0
15,8.0,28.125,41.135447001339365,0.0,0.0,10.5,42.0,120.0
16,9.0,35.111111111111114,40.98915845819613,7.0,21.0,21.0,35.0,141.0
17,9.0,18.77777777777778,38.983258514963126,0.0,0.0,7.0,7.0,120.0
18,9.0,22.666666666666668,40.196392872992966,0.0,0.0,14.0,14.0,127.0
19,11.0,23.636363636363637,40.29211517722227,0.0,7.0,7.0,21.0,141.0
20,12.0,24.583333333333332,37.12744227248855,0.0,7.0,10.5,22.75,134.0
21,10.0,19.7,35.97236593707886,0.0,7.0,7.0,17.5,120.0
22,9.0,18.77777777777778,41.294000102247836,0.0,0.0,0.0,14.0,127.0
23,8.0,21.125,45.87074230923236,0.0,0.0,7.0,8.75,134.0
24,10.0,26.0,42.05023450852828,0.0,7.0,10.5,26.25,141.0
25,8.0,22.875,45.97961504841031,0.0,0.0,3.5,17.5,134.0
26,11.0,21.09090909090909,41.10828273098877,0.0,3.5,7.0,14.0,141.0
27,11.0,16.636363636363637,36.97640525327665,0.0,0.0,7.0,10.5,127.0
28,12.0,12.333333333333334,34.07300539972512,0.0,0.0,0.0,7.0,120.0
29,13.0,16.76923076923077,35.798402771990276,0.0,0.0,7.0,14.0,134.0
30,9.0,19.555555555555557,50.90459485918514,0.0,0.0,0.0,7.0,155.0
31,6.0,22.333333333333332,47.96943471281131,0.0,0.0,3.5,7.0,120.0
32,11.0,22.363636363636363,40.48276850036995,0.0,3.5,7.0,21.0,141.0
33,7.0,33.142857142857146,56.95737754797755,0.0,0.0,0.0,52.5,127.0
34,11.0,33.81818181818182,49.29871840487983,0.0,3.5,14.0,31.5,141.0
35,6.0,23.5,50.820271545909705,0.0,0.0,3.5,7.0,127.0
36,9.0,21.88888888888889,47.606313773606864,0.0,0.0,7.0,14.0,148.0
37,10.0,32.3,44.47983313318021,0.0,14.0,21.0,28.0,155.0
38,10.0,29.5,47.76156055518566,0.0,8.75,17.5,21.0,162.0
39,8.0,27.25,50.184659010498414,0.0,0.0,7.0,28.0,148.0
40,9.0,34.333333333333336,71.75653280364095,7.0,7.0,7.0,21.0,225.0
41,9.0,27.333333333333332,55.26526938322114,0.0,0.0,7.0,7.0,169.0
42,6.0,24.666666666666668,60.42074698865173,0.0,0.0,0.0,0.0,148.0
43,12.0,21.666666666666668,44.703738573236166,0.0,7.0,7.0,15.75,162.0
44,10.0,25.3,49.16423722811351,0.0,0.0,10.5,21.0,162.0
45,11.0,20.454545454545453,49.643456036749974,0.0,0.0,7.0,14.0,169.0
46,5.0,28.2,59.22161767462959,0.0,0.0,0.0,7.0,134.0
47,7.0,28.142857142857142,54.43781948678869,0.0,0.0,0.0,24.5,148.0
48,7.0,38.142857142857146,55.90893956971034,0.0,10.5,21.0,31.5,162.0
49,10.0,16.9,48.61058412412762,0.0,0.0,0.0,5.25,155.0
50,9.0,22.666666666666668,52.687759489277965,0.0,0.0,7.0,7.0,162.0
51,8.0,28.125,50.121103339810865,0.0,0.0,10.5,28.0,148.0
52,8.0,46.5,82.09750300709517,0.0,0.0,0.0,52.75,189.0
53,8.0,46.5,76.57675887630658,0.0,0.0,7.0,52.5,190.0
54,9.0,21.88888888888889,47.86294089492529,0.0,0.0,7.0,14.0,148.0
55,10.0,23.2,49.35765166392925,0.0,0.0,3.5,7.0,155.0
56,10.0,28.8,51.15292975208968,0.0,1.75,10.5,26.25,169.0
57,9.0,27.333333333333332,51.81698563212645,0.0,0.0,7.0,21.0,162.0
58,8.0,30.75,49.11720676097125,0.0,7.0,10.5,26.25,148.0
59,8.0,27.25,60.38625671458697,0.0,0.0,7.0,14.0,176.0
60,9.0,32.0,52.952809179494906,0.0,7.0,7.0,35.0,169.0
61,8.0,27.25,52.387975719624826,0.0,5.25,7.0,17.5,155.0
62,10.0,23.9,46.883899155253715,0.0,1.75,10.5,14.0,155.0
63,9.0,25.77777777777778,56.766578586739264,0.0,0.0,7.0,14.0,176.0
64,12.0,22.833333333333332,40.99852177675175,0.0,5.25,7.0,22.75,148.0
65,11.0,31.90909090909091,56.27513579806725,0.0,0.0,7.0,28.0,169.0
66,9.0,26.555555555555557,54.1851250600917,0.0,0.0,7.0,14.0,169.0
67,6.0,25.833333333333332,53.101475183526375,0.0,1.75,7.0,7.0,134.0
68,11.0,24.272727272727273,53.364952748205276,0.0,3.5,7.0,14.0,183.0
69,7.0,21.142857142857142,55.93874200536563,0.0,0.0,0.0,0.0,148.0
70,10.0,25.3,60.99735877706327,0.0,0.0,3.5,12.25,197.0
71,6.0,32.833333333333336,60.240905261015676,0.0,3.5,14.0,14.0,155.0
72,8.0,38.625,55.95645628522235,0.0,12.25,17.5,31.5,169.0
73,10.0,28.8,62.43716841753796,0.0,1.75,7.0,14.0,204.0
74,7.0,66.14285714285714,122.940945947541,0.0,3.5,14.0,52.5,337.0
75,8.0,26.375,60.65579114973277,0.0,0.0,7.0,8.75,176.0
76,5.0,120.6,221.04818479236602,0.0,7.0,7.0,77.0,512.0
77,9.0,33.55555555555556,62.42417622826735,0.0,7.0,14.0,14.0,197.0
78,6.0,28.166666666666668,62.22994991695451,0.0,0.0,3.5,7.0,155.0
79,11.0,20.454545454545453,51.87747803500791,0.0,0.0,7.0,10.5,176.0
80,10.0,35.8,61.634766523808985,0.0,3.5,14.0,31.5,204.0
81,11.0,23.636363636363637,57.960801801342825,0.0,0.0,7.0,14.0,197.0
82,5.0,42.2,75.02133030012199,0.0,7.0,14.0,14.0,176.0
83,7.0,28.142857142857142,68.36526547750344,0.0,0.0,0.0,7.0,183.0
84,7.0,66.14285714285714,72.90045397990461,7.0,7.0,28.0,112.0,190.0
85,10.0,34.4,60.7475651089545,0.0,7.0,14.0,31.5,204.0
86,9.0,27.333333333333332,58.942768852506404,0.0,0.0,7.0,21.0,183.0
87,8.0,44.75,110.01136304945958,0.0,0.0,3.5,12.25,316.0
88,8.0,30.75,59.50210080324896,0.0,0.0,14.0,21.0,176.0
89,7.0,47.142857142857146,106.36169199392009,0.0,3.5,7.0,14.0,288.0
90,8.0,36.875,59.666783053890214,0.0,0.0,3.5,49.0,162.0
91,10.0,28.1,55.03423177138632,0.0,7.0,7.0,19.25,183.0
92,10.0,33.0,85.02809993042169,0.0,0.0,3.5,14.0,274.0
93,9.0,38.22222222222222,69.45282171693562,0.0,7.0,14.0,21.0,218.0
94,8.0,25.5,66.5432190384565,0.0,0.0,0.0,7.0,190.0
95,8.0,43.0,62.75348595894893,0.0,7.0,14.0,47.25,183.0
96,8.0,30.75,60.31998010609752,0.0,0.0,7.0,21.0,176.0
97,8.0,41.25,94.5965115635878,0.0,0.0,7.0,17.5,274.0
98,9.0,31.22222222222222,57.59292008957737,0.0,0.0,0.0,28.0,162.0
99,9.0,32.77777777777778,58.04691589089333,0.0,0.0,14.0,35.0,183.0
100,12.0,25.166666666666668,55.35642088622903,0.0,0.0,7.0,17.5,197.0
101,9.0,31.22222222222222,73.42134869671385,0.0,0.0,0.0,21.0,225.0
102,9.0,32.77777777777778,63.13037655870939,0.0,0.0,7.0,21.0,197.0
103,6.0,41.0,74.14040733635066,0.0,1.75,10.5,29.75,190.0
104,10.0,28.1,65.47679826557734,0.0,0.0,7.0,7.0,211.0
105,4.0,40.5,81.0,0.0,0.0,0.0,40.5,162.0
106,9.0,46.0,64.09173113592736,0.0,14.0,14.0,63.0,204.0
107,5.0,35.2,74.85786531821489,0.0,0.0,0.0,7.0,169.0
108,7.0,49.142857142857146,117.78855146890491,0.0,0.0,7.0,10.5,316.0
109,9.0,29.666666666666668,78.65589615534235,0.0,0.0,0.0,7.0,239.0
110,7.0,68.14285714285714,174.14690022260763,0.0,0.0,0.0,7.0,463.0
111,8.0,25.5,63.84355879804947,0.0,0.0,0.0,8.75,183.0
112,5.0,112.2,231.49989200861413,0.0,0.0,14.0,21.0,526.0
113,9.0,31.22222222222222,83.46073594478091,0.0,0.0,0.0,7.0,253.0
114,6.0,36.333333333333336,72.25971676298397,0.0,1.75,7.0,17.5,183.0
115,11.0,24.272727272727273,55.71371628080631,0.0,0.0,7.0,14.0,190.0
116,9.0,35.111111111111114,84.62334849857403,0.0,0.0,7.0,14.0,260.0
117,9.0,42.111111111111114,76.3273287303513,0.0,0.0,7.0,28.0,218.0
118,4.0,94.75,91.52549735820432,0.0,26.25,94.5,163.0,190.0
119,7.0,45.142857142857146,74.76502874880423,0.0,10.5,14.0,35.0,211.0
