id,count,mean,std,min,25%,50%,75%,max
0,60.0,2.4166666666666665,13.00233573106297,0.0,0.0,0.0,0.0,100.0
1,77.0,2.012987012987013,12.065057753360918,0.0,0.0,0.0,0.0,105.0
2,78.0,2.2435897435897436,11.969860307353457,0.0,0.0,0.0,0.0,105.0
3,78.0,2.1153846153846154,11.439258863958074,0.0,0.0,0.0,0.0,100.0
4,70.0,2.9285714285714284,13.310474712046952,0.0,0.0,0.0,0.0,110.0
5,78.0,2.1794871794871793,11.968295335597848,0.0,0.0,0.0,0.0,105.0
6,48.0,2.5,14.439897447623107,0.0,0.0,0.0,0.0,100.0
7,84.0,1.8452380952380953,11.506408950258086,0.0,0.0,0.0,0.0,105.0
8,85.0,1.8823529411764706,10.910252675597306,0.0,0.0,0.0,0.0,100.0
9,83.0,2.7710843373493974,11.719615931862334,0.0,0.0,0.0,5.0,105.0
10,32.0,3.125,17.67766952966369,0.0,0.0,0.0,0.0,100.0
11,47.0,3.0851063829787235,15.34222616808866,0.0,0.0,0.0,0.0,105.0
12,58.0,3.4482758620689653,13.86674984851034,0.0,0.0,0.0,5.0,105.0
13,83.0,2.4698795180722892,11.618254507032677,0.0,0.0,0.0,0.0,105.0
14,79.0,2.151898734177215,11.370326436460171,0.0,0.0,0.0,0.0,100.0
15,48.0,4.0625,15.967262052299652,0.0,0.0,0.0,5.0,110.0
16,78.0,1.9871794871794872,11.40573288266662,0.0,0.0,0.0,0.0,100.0
17,78.0,1.858974358974359,11.455985061948786,0.0,0.0,0.0,0.0,100.0
18,78.0,2.2435897435897436,11.942705100947823,0.0,0.0,0.0,0.0,105.0
19,82.0,2.4390243902439024,11.14561039760498,0.0,0.0,0.0,0.0,100.0
20,80.0,2.0,11.816101436791957,0.0,0.0,0.0,0.0,105.0
21,78.0,1.858974358974359,11.399161918355771,0.0,0.0,0.0,0.0,100.0
22,49.0,3.061224489795918,15.028317941009046,0.0,0.0,0.0,0.0,105.0
23,78.0,2.1794871794871793,11.41284715805308,0.0,0.0,0.0,0.0,100.0
24,81.0,1.8518518518518519,11.164800839145219,0.0,0.0,0.0,0.0,100.0
25,50.0,3.1,14.945137766415634,0.0,0.0,0.0,0.0,105.0
26,79.0,2.4050632911392404,11.347109636877908,0.0,0.0,0.0,0.0,100.0
27,79.0,2.151898734177215,11.31380890724312,0.0,0.0,0.0,0.0,100.0
28,85.0,1.7058823529411764,11.483760303153325,0.0,0.0,0.0,0.0,105.0
29,77.0,2.207792207792208,12.630724509720919,0.0,0.0,0.0,0.0,110.0
30,59.0,2.2033898305084745,13.685859378629427,0.0,0.0,0.0,0.0,105.0
31,33.0,3.6363636363636362,17.377820242010685,0.0,0.0,0.0,0.0,100.0
32,79.0,2.0253164556962027,11.862432279176943,0.0,0.0,0.0,0.0,105.0
33,31.0,4.354838709677419,17.876517906827335,0.0,0.0,0.0,2.5,100.0
34,82.0,1.5853658536585367,11.079901968983139,0.0,0.0,0.0,0.0,100.0
35,27.0,5.37037037037037,21.30032168075646,0.0,0.0,0.0,0.0,110.0
36,60.0,2.75,14.24438634595683,0.0,0.0,0.0,0.0,110.0
37,77.0,2.207792207792208,13.141274533975267,0.0,0.0,0.0,0.0,115.0
38,77.0,2.4675324675324677,13.194480919153497,0.0,0.0,0.0,0.0,115.0
39,78.0,2.051282051282051,12.521044556128565,0.0,0.0,0.0,0.0,110.0
40,69.0,3.1159420289855073,15.650160901149995,0.0,0.0,0.0,5.0,130.0
41,77.0,2.012987012987013,13.699302235874246,0.0,0.0,0.0,0.0,120.0
42,46.0,3.5869565217391304,16.92017347817099,0.0,0.0,0.0,0.0,115.0
43,83.0,2.4698795180722892,13.306277034613869,0.0,0.0,0.0,0.0,120.0
44,83.0,1.927710843373494,12.193343978531214,0.0,0.0,0.0,0.0,110.0
45,81.0,2.962962962962963,13.104812517205698,0.0,0.0,0.0,0.0,115.0
46,32.0,4.53125,19.359059519611765,0.0,0.0,0.0,1.25,110.0
47,47.0,3.0851063829787235,16.764130687447768,0.0,0.0,0.0,0.0,115.0
48,58.0,3.3620689655172415,15.257667932289078,0.0,0.0,0.0,0.0,115.0
49,82.0,2.2560975609756095,13.313699410395456,0.0,0.0,0.0,0.0,120.0
50,79.0,2.2151898734177213,13.002633743144413,0.0,0.0,0.0,0.0,115.0
51,48.0,4.270833333333333,17.983135815504074,0.0,0.0,0.0,5.0,125.0
52,77.0,2.4025974025974026,13.169202250006341,0.0,0.0,0.0,0.0,115.0
53,77.0,2.4675324675324677,12.686072362597635,0.0,0.0,0.0,0.0,110.0
54,77.0,2.4025974025974026,13.243925857241061,0.0,0.0,0.0,0.0,115.0
55,81.0,1.9135802469135803,12.287389400177931,0.0,0.0,0.0,0.0,110.0
56,78.0,2.628205128205128,13.160457275400262,0.0,0.0,0.0,0.0,115.0
57,78.0,1.9230769230769231,12.515724375494877,0.0,0.0,0.0,0.0,110.0
58,48.0,3.2291666666666665,16.6148351850673,0.0,0.0,0.0,0.0,115.0
59,78.0,2.3076923076923075,12.52769160472339,0.0,0.0,0.0,0.0,110.0
60,77.0,2.012987012987013,12.572414986466775,0.0,0.0,0.0,0.0,110.0
61,49.0,3.5714285714285716,16.520189667999176,0.0,0.0,0.0,0.0,115.0
62,78.0,2.5641025641025643,13.136238904677873,0.0,0.0,0.0,0.0,115.0
63,76.0,2.3026315789473686,12.660721134640111,0.0,0.0,0.0,0.0,110.0
64,84.0,2.738095238095238,13.249341013500452,0.0,0.0,0.0,0.0,120.0
65,77.0,2.792207792207792,14.315374199879306,0.0,0.0,0.0,0.0,125.0
66,59.0,2.6271186440677967,15.010224452231574,0.0,0.0,0.0,0.0,115.0
67,33.0,4.696969696969697,19.07794021980106,0.0,0.0,0.0,5.0,110.0
68,78.0,1.9230769230769231,13.049127184594388,0.0,0.0,0.0,0.0,115.0
69,31.0,4.838709677419355,19.684336876805627,0.0,0.0,0.0,2.5,110.0
70,80.0,2.1875,12.89793796687937,0.0,0.0,0.0,0.0,115.0
71,27.0,5.7407407407407405,22.984263165834864,0.0,0.0,0.0,2.5,120.0
72,58.0,3.5344827586206895,16.463905781661193,0.0,0.0,0.0,0.0,125.0
73,77.0,2.5324675324675323,14.925767559901951,0.0,0.0,0.0,0.0,130.0
74,77.0,2.5324675324675323,14.318358123663643,0.0,0.0,0.0,0.0,125.0
75,78.0,2.3076923076923075,13.620370241461336,0.0,0.0,0.0,0.0,120.0
76,69.0,3.6231884057971016,16.888127964791057,0.0,0.0,0.0,5.0,140.0
77,76.0,2.3026315789473686,15.501414762824806,0.0,0.0,0.0,0.0,135.0
78,46.0,4.239130434782608,18.468212670073225,0.0,0.0,0.0,3.75,125.0
79,82.0,2.4390243902439024,14.953506183654152,0.0,0.0,0.0,0.0,135.0
80,83.0,2.289156626506024,13.235696486213673,0.0,0.0,0.0,0.0,120.0
81,80.0,2.625,14.16393619752627,0.0,0.0,0.0,0.0,125.0
82,32.0,6.40625,22.83299730935543,0.0,0.0,0.0,5.0,130.0
83,47.0,4.25531914893617,18.296433585842546,0.0,0.0,0.0,2.5,125.0
84,57.0,3.8596491228070176,15.896359192877233,0.0,0.0,0.0,5.0,120.0
85,81.0,2.962962962962963,15.181769037602672,0.0,0.0,0.0,0.0,135.0
86,78.0,2.4358974358974357,14.787314450726631,0.0,0.0,0.0,0.0,130.0
87,48.0,4.479166666666667,20.24424224246566,0.0,0.0,0.0,1.25,140.0
88,76.0,2.763157894736842,14.953143188910824,0.0,0.0,0.0,0.0,130.0
89,77.0,2.4675324675324677,15.402993912312883,0.0,0.0,0.0,0.0,135.0
90,76.0,2.8947368421052633,14.994735918420101,0.0,0.0,0.0,0.0,130.0
91,80.0,2.375,14.603948659718583,0.0,0.0,0.0,0.0,130.0
92,77.0,2.6623376623376624,16.009545170575414,0.0,0.0,0.0,0.0,140.0
93,77.0,2.272727272727273,15.401329713300699,0.0,0.0,0.0,0.0,135.0
94,46.0,4.3478260869565215,20.564497337028147,0.0,0.0,0.0,5.0,140.0
95,76.0,2.5,15.50268793897798,0.0,0.0,0.0,0.0,135.0
96,76.0,2.5657894736842106,15.52403343319924,0.0,0.0,0.0,0.0,135.0
97,48.0,3.8541666666666665,20.191624114893862,0.0,0.0,0.0,0.0,140.0
98,77.0,2.4025974025974026,15.402716558297644,0.0,0.0,0.0,0.0,135.0
99,75.0,2.466666666666667,16.178341656014645,0.0,0.0,0.0,0.0,140.0
