id,count,mean,std,min,25%,50%,75%,max
0,123.0,41.040650406504064,25.052534433480318,18.0,18.0,36.0,54.0,108.0
1,109.0,61.174311926605505,60.21886686583785,18.0,18.0,36.0,72.0,306.0
2,109.0,62.99082568807339,63.778333632814466,18.0,18.0,36.0,72.0,306.0
3,108.0,61.407407407407405,61.7388284248391,18.0,18.0,36.0,74.0,288.0
4,137.0,37.8978102189781,26.93163585591271,18.0,18.0,18.0,54.0,126.0
5,108.0,61.574074074074076,58.62349433392465,18.0,18.0,36.0,72.0,252.0
6,113.0,41.48672566371681,35.817771687352106,18.0,18.0,18.0,54.0,180.0
7,171.0,30.573099415204677,16.705729249239074,18.0,18.0,18.0,36.0,90.0
8,153.0,38.40522875816993,27.440231199275523,18.0,18.0,18.0,54.0,126.0
9,116.0,55.46551724137931,61.930315823439855,18.0,18.0,36.0,54.0,306.0
10,104.0,24.653846153846153,14.90798263443209,18.0,18.0,18.0,36.0,126.0
11,120.0,33.96666666666667,26.112855693948855,18.0,18.0,18.0,40.5,126.0
12,146.0,28.78082191780822,16.61137672082514,18.0,18.0,18.0,36.0,108.0
13,172.0,29.976744186046513,19.403970621689595,18.0,18.0,18.0,36.0,108.0
14,166.0,31.927710843373493,19.890477778151897,18.0,18.0,18.0,36.0,108.0
15,112.0,40.25,32.85142639545833,18.0,18.0,18.0,54.0,144.0
16,107.0,62.3177570093458,64.55136876949915,18.0,18.0,36.0,76.0,342.0
17,114.0,58.49122807017544,59.385979933295616,18.0,18.0,36.0,72.0,306.0
18,141.0,40.52482269503546,30.579774258786454,18.0,18.0,36.0,54.0,144.0
19,144.0,40.68055555555556,28.049071080882314,18.0,18.0,36.0,54.0,144.0
20,170.0,30.11764705882353,16.834320933581306,18.0,18.0,18.0,36.0,108.0
21,115.0,58.608695652173914,63.18126188631335,18.0,18.0,36.0,72.0,324.0
22,125.0,30.88,18.561840843081026,18.0,18.0,18.0,36.0,108.0
23,115.0,57.6695652173913,63.51235847954214,18.0,18.0,36.0,54.0,342.0
24,142.0,42.014084507042256,26.217309510135756,18.0,18.0,36.0,54.0,144.0
25,139.0,24.532374100719423,11.108360970603963,18.0,18.0,18.0,36.0,80.0
26,116.0,58.41379310344828,61.993838258402704,18.0,18.0,36.0,72.0,288.0
27,152.0,36.4078947368421,23.930737601691924,18.0,18.0,36.0,54.0,126.0
28,146.0,41.726027397260275,26.028769374368657,18.0,18.0,36.0,54.0,126.0
29,145.0,39.90344827586207,31.683619176759635,18.0,18.0,18.0,54.0,144.0
30,125.0,38.944,26.096070647241252,18.0,18.0,36.0,54.0,126.0
31,99.0,28.262626262626263,17.314961006742625,18.0,18.0,18.0,36.0,108.0
32,109.0,61.5045871559633,61.94690436369399,18.0,18.0,36.0,90.0,288.0
33,101.0,21.10891089108911,8.604534839372795,18.0,18.0,18.0,18.0,80.0
34,149.0,39.07382550335571,27.941564012342468,18.0,18.0,18.0,54.0,126.0
35,87.0,29.67816091954023,19.626450029602942,18.0,18.0,18.0,36.0,108.0
36,123.0,39.86991869918699,28.56197155039888,18.0,18.0,36.0,54.0,144.0
37,108.0,63.074074074074076,61.94988986491288,18.0,18.0,36.0,90.0,306.0
38,109.0,63.981651376146786,61.59034039994454,18.0,18.0,36.0,72.0,270.0
39,107.0,62.654205607476634,62.01568620856815,18.0,18.0,36.0,72.0,306.0
40,135.0,37.925925925925924,27.12096441666473,18.0,18.0,18.0,54.0,144.0
41,107.0,61.308411214953274,61.59766156045292,18.0,18.0,36.0,72.0,252.0
42,112.0,40.892857142857146,36.54230108162003,18.0,18.0,18.0,54.0,180.0
43,170.0,31.28235294117647,17.41461792597907,18.0,18.0,18.0,36.0,98.0
44,150.0,39.53333333333333,27.782874998400253,18.0,18.0,36.0,54.0,144.0
45,112.0,59.214285714285715,66.44613459855135,18.0,18.0,36.0,54.0,342.0
46,104.0,25.173076923076923,14.74603274453042,18.0,18.0,18.0,36.0,116.0
47,119.0,34.857142857142854,26.738623658621343,18.0,18.0,18.0,36.0,144.0
48,142.0,30.35211267605634,17.334914214500557,18.0,18.0,18.0,36.0,116.0
49,166.0,33.01204819277108,22.73296577108184,18.0,18.0,18.0,36.0,126.0
50,165.0,32.448484848484846,21.383092836998202,18.0,18.0,18.0,36.0,108.0
51,112.0,42.017857142857146,37.8279609971861,18.0,18.0,18.0,54.0,180.0
52,105.0,62.304761904761904,59.584962579226016,18.0,18.0,36.0,72.0,252.0
53,113.0,58.530973451327434,59.9607119579831,18.0,18.0,36.0,54.0,306.0
54,141.0,40.652482269503544,31.23047637338585,18.0,18.0,18.0,54.0,162.0
55,143.0,41.59440559440559,26.20886791173202,18.0,18.0,36.0,54.0,126.0
56,166.0,31.819277108433734,19.60806548850583,18.0,18.0,18.0,36.0,126.0
57,113.0,58.3716814159292,60.47700192904878,18.0,18.0,36.0,72.0,324.0
58,125.0,31.744,18.90379036919794,18.0,18.0,18.0,36.0,116.0
59,113.0,57.256637168141594,61.613539032925395,18.0,18.0,36.0,72.0,288.0
60,139.0,42.402877697841724,27.592458385848637,18.0,18.0,36.0,54.0,144.0
61,136.0,24.544117647058822,14.170322481005373,18.0,18.0,18.0,36.0,116.0
62,115.0,58.13913043478261,62.39192578167463,18.0,18.0,36.0,63.0,306.0
63,151.0,38.317880794701985,25.466414709293012,18.0,18.0,36.0,54.0,126.0
64,145.0,40.772413793103446,28.0091118178993,18.0,18.0,36.0,54.0,144.0
65,143.0,41.21678321678322,32.703563974308494,18.0,18.0,18.0,54.0,162.0
66,123.0,40.16260162601626,25.884476639116752,18.0,18.0,36.0,54.0,108.0
67,97.0,28.47422680412371,17.707750647377285,18.0,18.0,18.0,36.0,98.0
68,110.0,60.78181818181818,62.71888377502415,18.0,18.0,36.0,90.0,306.0
69,100.0,22.4,12.358287613066492,18.0,18.0,18.0,18.0,116.0
70,144.0,39.18055555555556,26.303673804874776,18.0,18.0,36.0,54.0,144.0
71,84.0,31.595238095238095,19.330429876744493,18.0,18.0,18.0,36.0,116.0
72,121.0,40.52892561983471,26.34105616085698,18.0,18.0,36.0,54.0,134.0
73,107.0,63.66355140186916,62.56919851143132,18.0,18.0,36.0,90.0,306.0
74,105.0,68.13333333333334,66.11311208635992,18.0,18.0,36.0,90.0,288.0
75,106.0,63.75471698113208,63.06078871038864,18.0,18.0,36.0,72.0,288.0
76,132.0,40.42424242424242,29.14981602396245,18.0,18.0,27.0,54.0,152.0
77,108.0,60.907407407407405,60.90064484673669,18.0,18.0,36.0,72.0,288.0
78,111.0,40.93693693693694,36.175149501300496,18.0,18.0,18.0,45.0,144.0
79,170.0,30.435294117647057,19.746887738496156,18.0,18.0,18.0,36.0,134.0
