id,count,mean,std,min,25%,50%,75%,max
0,9.0,32.77777777777778,34.07263483272822,7.0,21.0,21.0,28.0,120.0
1,10.0,40.7,36.359470720998004,7.0,15.75,21.0,59.5,120.0
2,9.0,47.55555555555556,37.081366989065785,7.0,21.0,35.0,70.0,120.0
3,9.0,27.333333333333332,35.749125863438955,7.0,14.0,14.0,21.0,120.0
4,7.0,45.142857142857146,40.490445669024076,7.0,17.5,28.0,63.0,120.0
5,12.0,33.916666666666664,30.524083884200312,7.0,14.0,28.0,42.0,120.0
6,5.0,40.8,46.17033679755867,7.0,14.0,21.0,42.0,120.0
7,7.0,31.142857142857142,40.143196067032214,7.0,14.0,14.0,24.5,120.0
8,12.0,33.333333333333336,34.53676126662543,7.0,7.0,14.0,50.75,120.0
9,6.0,29.333333333333332,44.5495978283381,7.0,8.75,14.0,14.0,120.0
10,3.0,51.666666666666664,60.102689900979755,7.0,17.5,28.0,74.0,120.0
11,3.0,54.0,57.584720195551874,14.0,21.0,28.0,74.0,120.0
12,7.0,35.142857142857146,40.96107327462897,7.0,10.5,21.0,38.5,120.0
13,5.0,52.0,38.96793553679743,21.0,35.0,42.0,42.0,120.0
14,8.0,29.0,38.57460304397182,7.0,7.0,14.0,26.25,120.0
15,3.0,98.33333333333333,55.752428945592435,35.0,77.5,120.0,130.0,140.0
16,10.0,33.7,37.267948695896855,7.0,8.75,17.5,47.25,120.0
17,9.0,45.22222222222222,37.47258256971948,7.0,21.0,35.0,63.0,120.0
18,7.0,32.142857142857146,41.53885157868704,7.0,7.0,14.0,35.0,120.0
19,9.0,32.0,36.35587985457098,7.0,7.0,21.0,42.0,120.0
20,9.0,22.666666666666668,37.16517186829627,7.0,7.0,7.0,14.0,120.0
21,10.0,44.9,36.40650125092129,7.0,22.75,28.0,59.5,120.0
22,3.0,44.666666666666664,65.24058041842771,7.0,7.0,7.0,63.5,120.0
23,10.0,42.1,41.29151109960604,14.0,21.0,24.5,33.25,120.0
24,9.0,49.888888888888886,34.8010216963685,7.0,28.0,42.0,63.0,120.0
25,4.0,56.25,49.92243984422236,7.0,22.75,49.0,82.5,120.0
26,9.0,35.888888888888886,33.23192909102797,7.0,21.0,35.0,35.0,120.0
27,8.0,45.625,34.19246993125826,14.0,24.5,42.0,47.25,120.0
28,11.0,32.54545454545455,37.178928538524715,7.0,7.0,21.0,35.0,120.0
29,12.0,28.666666666666668,30.630743122595383,7.0,12.25,24.5,29.75,120.0
30,6.0,28.166666666666668,45.336151873164816,7.0,7.0,7.0,17.5,120.0
31,4.0,51.0,48.42175819470692,14.0,19.25,35.0,66.75,120.0
32,9.0,30.444444444444443,34.96823955788707,7.0,14.0,21.0,28.0,120.0
33,1.0,120.0,,120.0,120.0,120.0,120.0,120.0
34,10.0,26.7,35.64656754552642,7.0,7.0,10.5,35.0,120.0
35,5.0,36.6,48.01353975703104,7.0,7.0,14.0,35.0,120.0
36,9.0,42.111111111111114,45.78876621084162,7.0,7.0,35.0,56.0,148.0
37,9.0,42.888888888888886,37.06563247957751,7.0,21.0,35.0,49.0,127.0
38,9.0,46.0,43.45975149491768,7.0,21.0,35.0,49.0,148.0
39,8.0,33.375,41.26893504804794,7.0,7.0,17.5,35.0,127.0
40,6.0,60.833333333333336,58.75854547779979,7.0,8.75,49.0,110.25,134.0
41,7.0,31.142857142857142,57.79685277310686,7.0,7.0,7.0,14.0,162.0
42,6.0,41.0,48.73191972413974,7.0,7.0,17.5,59.5,127.0
43,6.0,29.333333333333332,54.705270922157645,7.0,7.0,7.0,7.0,141.0
44,9.0,45.22222222222222,47.28048693112672,7.0,14.0,35.0,49.0,162.0
45,12.0,29.25,39.28711331629333,7.0,7.0,14.0,29.75,148.0
46,2.0,133.5,9.192388155425117,127.0,130.25,133.5,136.75,140.0
47,4.0,40.5,62.42061625243164,7.0,7.0,10.5,44.0,134.0
48,7.0,31.142857142857142,46.42351620830608,7.0,7.0,7.0,28.0,134.0
49,9.0,25.0,41.608292442733095,7.0,7.0,7.0,21.0,134.0
50,10.0,26.7,41.88622154784978,7.0,7.0,7.0,24.5,141.0
51,7.0,54.142857142857146,56.463641904705874,7.0,7.0,28.0,98.5,133.0
52,8.0,28.125,48.56052923929063,7.0,7.0,14.0,14.0,148.0
53,10.0,42.1,38.88573003043662,7.0,15.75,31.5,57.75,134.0
54,9.0,39.0,37.51666296460814,7.0,14.0,28.0,49.0,127.0
55,9.0,45.22222222222222,43.6227514543093,7.0,28.0,35.0,49.0,155.0
56,9.0,59.22222222222222,46.946186686933835,7.0,35.0,49.0,56.0,148.0
57,10.0,51.9,38.624833692558184,14.0,29.75,38.5,52.5,141.0
58,5.0,39.4,60.98606398186392,7.0,7.0,14.0,21.0,148.0
59,10.0,44.2,53.834726504160656,7.0,14.0,17.5,40.25,148.0
60,8.0,50.875,39.11681224230829,7.0,29.75,38.5,71.75,127.0
61,6.0,46.833333333333336,55.04331627606268,7.0,7.0,21.0,71.75,141.0
62,12.0,31.583333333333332,34.36821558394096,7.0,14.0,21.0,29.75,134.0
63,9.0,30.444444444444443,47.65530167544612,7.0,7.0,7.0,14.0,148.0
64,8.0,41.25,42.52646234992984,7.0,14.0,21.0,52.5,127.0
65,11.0,40.18181818181818,39.61519451376753,7.0,17.5,21.0,56.0,141.0
66,7.0,29.142857142857142,58.58449331643022,7.0,7.0,7.0,7.0,162.0
67,6.0,37.5,51.77547682059529,7.0,8.75,17.5,31.5,141.0
68,10.0,43.5,42.90622850408137,7.0,17.5,35.0,49.0,155.0
69,1.0,127.0,,127.0,127.0,127.0,127.0,127.0
70,7.0,36.142857142857146,46.88080122832292,7.0,14.0,21.0,28.0,141.0
71,5.0,45.0,53.40411969127476,7.0,14.0,14.0,56.0,134.0
72,6.0,45.666666666666664,56.16998011987067,7.0,15.75,21.0,47.25,155.0
73,10.0,43.5,45.88451687540023,7.0,21.0,31.5,42.0,169.0
74,7.0,39.142857142857146,59.05203516512244,7.0,10.5,14.0,31.5,169.0
75,9.0,35.888888888888886,50.6173005118913,7.0,14.0,21.0,28.0,169.0
76,4.0,86.0,79.56129712366435,7.0,22.75,91.0,154.25,155.0
77,7.0,37.142857142857146,64.7493335137605,7.0,7.0,14.0,21.0,183.0
78,5.0,46.4,61.58571262882325,7.0,14.0,21.0,35.0,155.0
79,11.0,31.90909090909091,56.312440091785305,7.0,7.0,7.0,14.0,190.0
80,8.0,49.125,57.30728574971947,7.0,12.25,28.0,57.75,176.0
81,11.0,33.18181818181818,50.39408334679416,7.0,14.0,21.0,24.5,183.0
82,4.0,75.5,67.79626341719235,7.0,22.75,77.0,129.75,141.0
83,6.0,32.833333333333336,63.27848502189875,7.0,7.0,7.0,7.0,162.0
84,6.0,50.333333333333336,63.99895832485609,7.0,10.5,31.5,47.25,176.0
85,7.0,39.142857142857146,54.575417455812385,7.0,17.5,21.0,24.5,162.0
86,5.0,40.8,75.57909763949289,7.0,7.0,7.0,7.0,176.0
87,6.0,53.833333333333336,55.77604025624861,7.0,12.25,42.0,66.5,155.0
88,9.0,42.111111111111114,49.44553681689695,7.0,21.0,21.0,42.0,169.0
89,10.0,44.2,74.5949059922995,7.0,7.0,14.0,21.0,239.0
90,8.0,43.875,51.20668901618225,14.0,21.0,28.0,31.5,169.0
91,8.0,46.5,51.22499389946279,7.0,24.5,35.0,38.5,169.0
92,6.0,49.166666666666664,55.144960482954986,7.0,14.0,35.0,50.75,155.0
93,9.0,43.666666666666664,52.88667128870941,7.0,14.0,21.0,42.0,169.0
94,3.0,65.66666666666667,95.6155496419559,7.0,10.5,14.0,95.0,176.0
95,6.0,45.666666666666664,69.09027910398586,7.0,8.75,14.0,40.25,183.0
96,8.0,65.75,58.68986283848344,7.0,26.25,45.5,87.5,169.0
97,5.0,74.4,83.15527644112548,7.0,14.0,21.0,155.0,175.0
98,9.0,42.888888888888886,43.535745211390505,7.0,21.0,35.0,42.0,155.0
99,9.0,39.0,54.67632028584221,7.0,14.0,21.0,28.0,183.0
100,9.0,46.77777777777778,46.345921551356,7.0,28.0,35.0,49.0,162.0
101,10.0,49.1,51.921842973625054,7.0,21.0,31.5,40.25,176.0
102,8.0,43.0,61.30252849597641,7.0,14.0,17.5,35.0,190.0
103,4.0,49.25,70.73129905965722,7.0,12.25,17.5,54.5,155.0
104,10.0,37.9,51.77182846126088,7.0,15.75,21.0,33.25,183.0
105,2.0,74.0,94.75230867899737,7.0,40.5,74.0,107.5,141.0
106,8.0,39.5,67.48333127521195,7.0,7.0,14.0,26.25,204.0
107,5.0,42.2,63.25108694718218,7.0,14.0,14.0,21.0,155.0
108,6.0,51.5,62.93091450153891,7.0,14.0,21.0,64.75,169.0
109,8.0,38.625,62.730574682526225,7.0,7.0,14.0,28.0,190.0
110,4.0,138.5,134.68110483657313,21.0,63.0,101.5,177.0,330.0
111,9.0,46.77777777777778,48.95349266849553,21.0,28.0,35.0,35.0,176.0
112,4.0,178.75,221.40216048328585,7.0,12.25,115.5,282.0,477.0
113,9.0,37.44444444444444,61.149634322518864,7.0,14.0,14.0,21.0,197.0
114,5.0,46.4,69.48956756233268,7.0,7.0,14.0,35.0,169.0
115,9.0,42.888888888888886,63.360958887244685,7.0,14.0,21.0,28.0,204.0
116,9.0,42.888888888888886,60.98246560373819,7.0,7.0,14.0,42.0,197.0
117,9.0,40.55555555555556,66.06078850405721,7.0,7.0,14.0,35.0,211.0
118,4.0,101.75,84.02926077662867,7.0,43.75,108.5,166.5,183.0
119,6.0,45.666666666666664,71.75421009715504,7.0,7.0,17.5,33.25,190.0
