id,count,mean,std,min,25%,50%,75%,max
0,36.0,16.13888888888889,29.595513924317046,0.0,0.0,7.0,14.0,154.0
1,49.0,9.857142857142858,24.11863041993333,0.0,0.0,7.0,7.0,161.0
2,46.0,12.934782608695652,27.68585854339764,0.0,0.0,7.0,14.0,168.0
3,49.0,3.2857142857142856,20.009372803763746,0.0,0.0,0.0,0.0,140.0
4,39.0,19.205128205128204,33.98000920601738,0.0,0.0,0.0,21.0,147.0
5,48.0,10.5,25.010636035367373,0.0,0.0,7.0,7.0,161.0
6,34.0,11.117647058823529,28.32256270065023,0.0,0.0,0.0,7.0,140.0
7,46.0,19.02173913043478,39.533664490144645,0.0,0.0,7.0,14.0,189.0
8,47.0,13.851063829787234,25.132672934721118,0.0,0.0,7.0,21.0,154.0
9,51.0,18.254901960784313,42.21129855252259,0.0,0.0,0.0,14.0,196.0
10,23.0,8.521739130434783,29.46935166825079,0.0,0.0,0.0,0.0,140.0
11,35.0,12.2,29.471621444844793,0.0,0.0,0.0,14.0,161.0
12,32.0,26.03125,42.60659071764186,0.0,0.0,7.0,22.75,154.0
13,58.0,7.603448275862069,21.356571489720054,0.0,0.0,0.0,7.0,154.0
14,41.0,17.414634146341463,29.07832148676751,0.0,0.0,7.0,21.0,147.0
15,36.0,9.333333333333334,25.868900247208032,0.0,0.0,0.0,7.0,140.0
16,45.0,16.177777777777777,30.35942933414509,0.0,0.0,7.0,14.0,168.0
17,45.0,12.755555555555556,27.08165729079669,0.0,0.0,7.0,14.0,161.0
18,48.0,18.666666666666668,54.40092823571857,0.0,0.0,0.0,7.0,259.0
19,42.0,18.666666666666668,37.701437293341215,0.0,0.0,7.0,14.0,154.0
20,43.0,17.25581395348837,31.908420312226447,0.0,0.0,7.0,14.0,147.0
21,48.0,12.979166666666666,25.627851856527926,0.0,0.0,7.0,14.0,147.0
22,33.0,11.666666666666666,32.15749005545468,0.0,0.0,0.0,7.0,154.0
23,45.0,14.155555555555555,33.01855921334625,0.0,0.0,7.0,14.0,168.0
24,41.0,21.51219512195122,36.11587043892166,0.0,0.0,7.0,28.0,168.0
25,36.0,13.222222222222221,28.138546120540372,0.0,0.0,0.0,14.0,140.0
26,47.0,13.404255319148936,24.977084780000006,0.0,0.0,7.0,14.0,161.0
27,41.0,15.024390243902438,25.555320194509445,0.0,0.0,7.0,21.0,140.0
28,48.0,11.520833333333334,26.051495308358376,0.0,0.0,3.5,8.75,147.0
29,49.0,13.857142857142858,32.1888956008124,0.0,0.0,7.0,14.0,154.0
30,37.0,17.027027027027028,32.93806181176901,0.0,0.0,7.0,14.0,154.0
31,24.0,10.791666666666666,30.615397045145183,0.0,0.0,0.0,7.0,140.0
32,47.0,12.063829787234043,26.016219234830135,0.0,0.0,0.0,14.0,161.0
33,22.0,11.772727272727273,31.03443834897554,0.0,0.0,3.5,7.0,147.0
34,44.0,22.90909090909091,31.823509067777113,0.0,0.0,14.0,28.0,175.0
35,21.0,10.0,34.899856733230294,0.0,0.0,0.0,7.0,161.0
36,35.0,15.2,29.67351760507715,0.0,0.0,7.0,17.5,168.0
37,49.0,7.285714285714286,26.844459391092236,0.0,0.0,0.0,7.0,182.0
38,46.0,10.956521739130435,28.411231364248366,0.0,0.0,0.0,12.25,182.0
39,49.0,3.142857142857143,21.00297597960822,0.0,0.0,0.0,0.0,147.0
40,39.0,14.538461538461538,31.114259849655795,0.0,0.0,7.0,17.5,182.0
41,48.0,9.916666666666666,30.42104068423789,0.0,0.0,7.0,7.0,210.0
42,34.0,9.676470588235293,30.68285533336491,0.0,0.0,0.0,7.0,175.0
43,46.0,16.282608695652176,39.212618741918185,0.0,0.0,7.0,14.0,210.0
44,46.0,14.456521739130435,30.004967382632667,0.0,0.0,7.0,19.25,196.0
45,49.0,18.285714285714285,39.07418158665216,0.0,0.0,7.0,14.0,203.0
46,23.0,8.217391304347826,30.559861556295065,0.0,0.0,0.0,0.0,147.0
47,35.0,10.0,28.97564900557221,0.0,0.0,0.0,7.0,168.0
48,31.0,27.548387096774192,48.15726923990979,0.0,0.0,0.0,28.0,189.0
49,58.0,8.568965517241379,24.250239332489084,0.0,0.0,0.0,7.0,175.0
50,41.0,16.902439024390244,35.312749027829014,0.0,0.0,7.0,14.0,189.0
51,36.0,9.722222222222221,29.758658870617435,0.0,0.0,0.0,7.0,161.0
52,44.0,15.113636363636363,36.63662921753082,0.0,0.0,7.0,14.0,196.0
53,45.0,10.577777777777778,30.35209210169037,0.0,0.0,0.0,7.0,196.0
54,45.0,13.377777777777778,35.311142259586674,0.0,0.0,0.0,7.0,182.0
55,42.0,15.166666666666666,27.566254261029734,0.0,0.0,7.0,21.0,168.0
56,42.0,22.666666666666668,44.05023001333412,0.0,0.0,7.0,21.0,189.0
57,47.0,10.872340425531915,29.185029680416783,0.0,0.0,0.0,7.0,189.0
58,33.0,8.272727272727273,31.61909305237178,0.0,0.0,0.0,7.0,182.0
59,45.0,14.311111111111112,36.21829160058004,0.0,0.0,0.0,7.0,175.0
60,41.0,15.365853658536585,29.99479629665867,0.0,0.0,7.0,21.0,175.0
61,34.0,14.823529411764707,40.662297769470044,0.0,0.0,0.0,12.25,182.0
62,47.0,12.361702127659575,28.159812199777445,0.0,0.0,7.0,14.0,189.0
63,40.0,12.775,31.42062649328891,0.0,0.0,3.5,14.0,196.0
64,47.0,11.46808510638298,27.517465650358982,0.0,0.0,0.0,10.5,175.0
65,49.0,8.714285714285714,24.186773244895647,0.0,0.0,7.0,7.0,168.0
66,36.0,13.416666666666666,31.985152805637806,0.0,0.0,3.5,15.75,189.0
67,24.0,14.875,38.19095328796439,0.0,0.0,0.0,8.75,168.0
68,46.0,19.630434782608695,37.583896489884054,0.0,0.0,7.0,21.0,224.0
69,22.0,14.318181818181818,36.88125909899597,0.0,0.0,3.5,14.0,175.0
70,40.0,23.625,45.66022086270246,0.0,0.0,7.0,28.0,210.0
71,21.0,12.333333333333334,41.525092815469215,0.0,0.0,0.0,7.0,189.0
72,35.0,17.0,37.400062912812764,0.0,0.0,7.0,17.5,210.0
73,49.0,7.142857142857143,33.126650902256934,0.0,0.0,0.0,0.0,231.0
74,45.0,12.6,34.955426162211474,0.0,0.0,0.0,14.0,231.0
75,49.0,3.142857142857143,21.999999999999996,0.0,0.0,0.0,0.0,154.0
76,37.0,22.135135135135137,72.47457874706528,0.0,0.0,0.0,7.0,392.0
77,48.0,10.5,33.43077954934039,0.0,0.0,0.0,7.0,224.0
78,34.0,8.647058823529411,32.47178948409627,0.0,0.0,0.0,7.0,189.0
79,46.0,10.652173913043478,29.652219247135505,0.0,0.0,3.5,7.0,196.0
80,45.0,15.244444444444444,36.807950941681774,0.0,0.0,7.0,14.0,231.0
81,49.0,14.857142857142858,37.057950114201766,0.0,0.0,0.0,7.0,217.0
82,23.0,10.043478260869565,39.7005590307212,0.0,0.0,0.0,0.0,189.0
83,35.0,10.2,32.00349245647676,0.0,0.0,0.0,7.0,182.0
84,31.0,17.838709677419356,42.573150203849956,0.0,0.0,7.0,14.0,203.0
85,55.0,10.563636363636364,29.63341684550389,0.0,0.0,0.0,7.0,203.0
86,40.0,16.1,37.04730171149532,0.0,0.0,3.5,14.0,217.0
87,35.0,9.8,33.14744245302299,0.0,0.0,0.0,3.5,182.0
88,44.0,16.704545454545453,49.571456314939276,0.0,0.0,0.0,8.75,259.0
89,44.0,21.0,62.48236960637702,0.0,0.0,3.5,7.0,308.0
90,45.0,14.155555555555555,34.792211481852945,0.0,0.0,0.0,7.0,189.0
91,42.0,14.166666666666666,36.208014654262,0.0,0.0,7.0,14.0,224.0
92,42.0,14.333333333333334,35.117688314015275,0.0,0.0,7.0,12.25,217.0
93,47.0,14.148936170212766,31.760639246800466,0.0,0.0,7.0,14.0,203.0
94,33.0,10.606060606060606,38.90046544864485,0.0,0.0,0.0,7.0,224.0
95,43.0,10.581395348837209,31.281542220947642,0.0,0.0,0.0,7.0,196.0
96,41.0,15.195121951219512,33.530746720133685,0.0,0.0,7.0,14.0,196.0
97,32.0,16.84375,38.826420481668855,0.0,0.0,3.5,15.75,210.0
98,47.0,12.51063829787234,30.544957842231813,0.0,0.0,7.0,14.0,203.0
99,40.0,16.275,35.38867521303013,0.0,0.0,7.0,14.0,210.0
100,47.0,14.0,32.99472948688992,0.0,0.0,7.0,17.5,217.0
101,48.0,14.145833333333334,29.362727555585604,0.0,0.0,7.0,21.0,182.0
102,35.0,12.0,33.120102301632286,0.0,0.0,0.0,14.0,196.0
103,24.0,12.833333333333334,37.98703058615694,0.0,0.0,0.0,7.0,182.0
104,46.0,10.804347826086957,33.96443863495229,0.0,0.0,7.0,7.0,231.0
105,22.0,20.363636363636363,45.36050878876644,0.0,0.0,0.0,26.25,210.0
106,40.0,14.875,35.239246404818125,0.0,0.0,7.0,14.0,210.0
107,21.0,19.333333333333332,63.53843980877508,0.0,0.0,0.0,0.0,287.0
108,35.0,20.0,43.94983771635702,0.0,0.0,7.0,17.5,252.0
109,49.0,9.857142857142858,38.9983974029703,0.0,0.0,0.0,7.0,273.0
110,42.0,31.0,108.34587794786049,0.0,0.0,0.0,14.0,609.0
111,45.0,17.733333333333334,52.31087145830465,0.0,0.0,0.0,7.0,294.0
112,36.0,24.5,87.02068719563182,0.0,0.0,7.0,14.0,525.0
113,48.0,11.520833333333334,40.26348833506358,0.0,0.0,7.0,7.0,280.0
114,34.0,9.676470588235293,35.19101175553065,0.0,0.0,0.0,5.25,203.0
115,45.0,14.933333333333334,35.99141311732311,0.0,0.0,0.0,14.0,217.0
116,43.0,15.13953488372093,38.49030885780201,0.0,0.0,0.0,14.0,238.0
117,48.0,13.125,36.94540250095331,0.0,0.0,0.0,14.0,245.0
118,23.0,13.08695652173913,44.637848843857995,0.0,0.0,0.0,0.0,210.0
119,31.0,13.096774193548388,40.20145506380723,0.0,0.0,0.0,14.0,224.0
120,29.0,28.482758620689655,48.92605257620581,0.0,0.0,14.0,21.0,217.0
121,54.0,10.5,35.13840558662005,0.0,0.0,0.0,7.0,252.0
122,40.0,26.25,65.73753172216826,0.0,0.0,7.0,15.75,336.0
123,32.0,14.4375,58.2939921100711,0.0,0.0,0.0,7.0,329.0
124,44.0,10.5,34.672890019806275,0.0,0.0,0.0,7.0,224.0
125,44.0,18.454545454545453,63.783592898522095,0.0,0.0,0.0,8.75,343.0
126,45.0,17.42222222222222,41.42928744965159,0.0,0.0,7.0,14.0,203.0
127,41.0,17.414634146341463,38.0558639435213,0.0,0.0,7.0,21.0,231.0
128,42.0,17.333333333333332,49.67193184292444,0.0,0.0,3.5,14.0,301.0
129,44.0,19.40909090909091,48.40013366396025,0.0,0.0,3.5,14.0,238.0
130,29.0,23.896551724137932,53.589274531640996,0.0,0.0,0.0,7.0,231.0
131,43.0,14.0,36.50114153466071,0.0,0.0,0.0,14.0,224.0
132,41.0,15.365853658536585,37.245641421219325,0.0,0.0,7.0,14.0,217.0
133,32.0,22.75,58.59318467469216,0.0,0.0,7.0,14.0,308.0
134,47.0,10.425531914893616,32.56815240908441,0.0,0.0,7.0,7.0,224.0
135,39.0,20.46153846153846,41.20605867169367,0.0,0.0,7.0,21.0,231.0
136,44.0,23.863636363636363,48.43436743945401,0.0,0.0,7.0,17.5,273.0
137,47.0,18.02127659574468,46.61007978394063,0.0,0.0,7.0,14.0,245.0
138,35.0,14.4,37.61742399786692,0.0,0.0,7.0,14.0,217.0
139,21.0,23.333333333333332,47.18297715631489,0.0,0.0,0.0,21.0,203.0
