id,count,mean,std,min,25%,50%,75%,max
0,38.0,34.473684210526315,36.39552752602416,7.0,14.0,21.0,35.0,154.0
1,41.0,33.829268292682926,31.911520207461436,7.0,7.0,21.0,49.0,126.0
2,33.0,38.63636363636363,37.80857887257384,7.0,14.0,21.0,56.0,147.0
3,35.0,43.22857142857143,43.782272610703785,7.0,7.0,28.0,66.5,182.0
4,26.0,40.69230769230769,47.33689405169649,7.0,7.0,21.0,54.25,168.0
5,42.0,36.357142857142854,36.45299106371505,7.0,14.0,28.0,42.0,175.0
6,14.0,23.071428571428573,29.621884544303455,7.0,7.0,14.0,28.0,120.0
7,34.0,30.5,30.619116627203717,7.0,7.0,21.0,42.0,120.0
8,27.0,29.074074074074073,40.74963513373787,7.0,7.0,7.0,28.0,140.0
9,36.0,24.13888888888889,23.68743220453506,7.0,7.0,14.0,28.0,120.0
10,8.0,26.375,40.58478779050101,7.0,7.0,7.0,17.5,120.0
11,22.0,22.0,26.745716167890016,7.0,7.0,14.0,21.0,120.0
12,15.0,20.6,28.30900916669462,7.0,7.0,14.0,21.0,120.0
13,55.0,16.818181818181817,18.74891691596839,7.0,7.0,7.0,21.0,120.0
14,38.0,21.394736842105264,20.388840977734922,7.0,7.0,14.0,28.0,120.0
15,28.0,38.785714285714285,35.08440314321086,7.0,21.0,28.0,43.75,154.0
16,36.0,29.583333333333332,37.22700632605313,7.0,7.0,14.0,28.0,161.0
17,30.0,54.166666666666664,77.32336192154719,7.0,8.75,21.0,70.0,392.0
18,43.0,32.41860465116279,28.074927433345167,7.0,14.0,28.0,35.0,126.0
19,44.0,30.25,32.187766706955536,7.0,7.0,21.0,35.0,126.0
20,21.0,30.38095238095238,31.78281955786206,7.0,7.0,21.0,35.0,120.0
21,29.0,39.13793103448276,61.685101314157954,7.0,14.0,14.0,35.0,287.0
22,30.0,25.233333333333334,38.098496063478024,7.0,7.0,10.5,19.25,182.0
23,19.0,56.78947368421053,72.71525817825186,7.0,14.0,14.0,98.0,287.0
24,34.0,34.8235294117647,32.20339770163098,7.0,14.0,24.5,42.0,133.0
25,20.0,22.45,26.34682643427657,7.0,7.0,14.0,22.75,120.0
26,27.0,52.407407407407405,72.4017951643462,7.0,10.5,28.0,52.5,315.0
27,27.0,42.55555555555556,36.91292595506488,7.0,14.0,35.0,45.5,154.0
28,24.0,28.625,36.38897647221823,7.0,7.0,7.0,36.75,133.0
29,23.0,22.869565217391305,25.255610263907137,7.0,7.0,14.0,28.0,120.0
30,27.0,36.333333333333336,37.38160798286526,7.0,7.0,21.0,49.0,133.0
31,14.0,45.57142857142857,59.98168218549892,7.0,7.0,14.0,59.5,196.0
32,29.0,38.41379310344828,38.261802326097744,7.0,7.0,28.0,49.0,140.0
33,8.0,22.0,39.67366884975475,7.0,7.0,7.0,8.75,120.0
34,32.0,40.5,39.61182619109536,7.0,12.25,21.0,77.0,140.0
35,11.0,26.818181818181817,32.48943884347091,7.0,14.0,14.0,24.5,120.0
36,23.0,44.17391304347826,45.342787512973224,7.0,7.0,28.0,59.5,148.0
37,37.0,42.21621621621622,37.66750377767076,7.0,14.0,35.0,56.0,168.0
38,31.0,28.258064516129032,39.102402093252095,7.0,7.0,14.0,28.0,168.0
39,24.0,34.75,49.89837498443167,7.0,12.25,14.0,29.75,175.0
40,28.0,35.785714285714285,47.94546063776211,7.0,7.0,14.0,42.0,182.0
41,32.0,33.0625,35.451864230521856,7.0,7.0,17.5,42.0,148.0
42,30.0,19.866666666666667,24.127153587397853,7.0,7.0,10.5,21.0,127.0
43,32.0,35.90625,66.71381313418702,7.0,7.0,14.0,35.0,371.0
44,43.0,37.13953488372093,41.831055560460406,7.0,7.0,21.0,45.5,168.0
45,34.0,26.58823529411765,27.260936250912078,7.0,7.0,14.0,35.0,148.0
46,19.0,19.210526315789473,29.975135895101868,7.0,7.0,7.0,10.5,127.0
47,12.0,20.5,36.15999798873687,7.0,7.0,7.0,15.75,134.0
48,27.0,29.85185185185185,30.121170300718738,7.0,7.0,21.0,35.0,134.0
49,51.0,21.294117647058822,25.37029295664286,7.0,7.0,14.0,21.0,141.0
50,38.0,26.36842105263158,28.63698331975212,7.0,7.0,14.0,33.25,134.0
51,28.0,44.785714285714285,36.844374557155085,7.0,14.0,35.0,57.75,140.0
52,34.0,29.470588235294116,40.09476297255431,7.0,7.0,14.0,21.0,155.0
53,26.0,51.19230769230769,90.89423270186914,7.0,7.0,17.5,63.0,448.0
54,33.0,32.90909090909091,35.45804178564754,7.0,14.0,21.0,35.0,134.0
55,39.0,33.05128205128205,34.95783077543023,7.0,7.0,21.0,38.5,140.0
56,26.0,41.23076923076923,65.7743461798338,7.0,7.0,21.0,43.75,315.0
57,34.0,46.14705882352941,50.558776088550566,7.0,14.0,28.0,54.25,252.0
58,18.0,21.833333333333332,36.84187195857133,7.0,7.0,7.0,7.0,148.0
59,27.0,51.888888888888886,67.18363659136818,7.0,14.0,21.0,73.5,301.0
60,43.0,32.74418604651163,29.924582205187736,7.0,14.0,21.0,42.0,134.0
61,33.0,19.333333333333332,26.395627794516777,7.0,7.0,7.0,21.0,141.0
62,30.0,39.0,80.10596430504647,7.0,7.0,14.0,28.0,434.0
63,25.0,39.52,38.64811336490653,7.0,14.0,28.0,56.0,140.0
64,36.0,36.77777777777778,47.008273503477845,7.0,7.0,14.0,42.0,182.0
65,29.0,18.620689655172413,26.639677434103877,7.0,7.0,7.0,14.0,141.0
66,25.0,37.0,46.019017807858525,7.0,7.0,14.0,42.0,161.0
67,14.0,51.57142857142857,50.50927452643537,7.0,8.75,38.5,61.25,154.0
68,38.0,41.28947368421053,43.94893098643743,7.0,7.0,21.0,70.0,162.0
69,12.0,18.166666666666668,34.37978616817878,7.0,7.0,7.0,8.75,127.0
70,25.0,37.28,36.64300751848844,7.0,7.0,28.0,42.0,141.0
71,20.0,22.1,29.044249362870985,7.0,7.0,14.0,21.0,134.0
72,18.0,31.944444444444443,51.423812545668234,7.0,7.0,7.0,19.25,175.0
73,41.0,45.09756097560975,37.598407464977015,7.0,21.0,28.0,63.0,161.0
74,25.0,33.36,46.05601661744822,7.0,7.0,14.0,35.0,190.0
75,37.0,29.91891891891892,43.12989320283194,7.0,7.0,14.0,28.0,175.0
76,32.0,45.75,73.06956473335927,7.0,7.0,21.0,49.0,386.0
77,40.0,43.425,40.13048428851525,7.0,14.0,28.0,63.0,176.0
78,27.0,30.62962962962963,30.74729274905372,7.0,14.0,21.0,38.5,162.0
79,38.0,39.63157894736842,52.80173064968333,7.0,8.75,21.0,42.0,294.0
80,26.0,39.34615384615385,42.444262092954155,7.0,7.0,24.5,49.0,162.0
81,37.0,29.35135135135135,35.90900244307068,7.0,7.0,21.0,35.0,169.0
82,19.0,22.157894736842106,31.462964397128427,7.0,14.0,14.0,14.0,148.0
83,28.0,17.785714285714285,33.58941317213919,7.0,7.0,7.0,14.0,183.0
84,30.0,35.96666666666667,39.32313816828839,7.0,14.0,28.0,35.0,176.0
85,37.0,21.405405405405407,27.301261122132413,7.0,7.0,14.0,28.0,162.0
86,31.0,36.16129032258065,66.52924007491922,7.0,7.0,14.0,28.0,329.0
87,18.0,34.27777777777778,40.19043719381596,7.0,7.0,14.0,54.25,148.0
88,39.0,35.56410256410256,40.315724287569346,7.0,14.0,21.0,38.5,176.0
89,25.0,46.24,77.47380202365183,7.0,7.0,14.0,35.0,350.0
90,25.0,25.52,34.762431829011426,7.0,7.0,14.0,28.0,176.0
91,40.0,35.725,31.91574444674201,7.0,12.25,28.0,49.0,162.0
92,28.0,21.285714285714285,29.84137960128413,7.0,7.0,14.0,22.75,162.0
93,28.0,46.785714285714285,54.51629531641394,7.0,12.25,21.0,63.0,224.0
94,16.0,24.125,39.98979036370825,7.0,7.0,7.0,15.75,162.0
95,31.0,59.41935483870968,82.54484607110989,7.0,17.5,28.0,52.5,392.0
96,31.0,41.806451612903224,43.64280723848907,7.0,14.0,28.0,52.5,169.0
97,13.0,23.76923076923077,40.131354836656605,7.0,7.0,14.0,14.0,155.0
98,27.0,42.2962962962963,77.72526310162303,7.0,7.0,21.0,35.0,392.0
99,33.0,46.06060606060606,44.012739202658274,7.0,14.0,28.0,70.0,169.0
100,32.0,30.4375,43.34403817321697,7.0,7.0,7.0,29.75,182.0
101,40.0,27.675,34.666460181830814,7.0,7.0,14.0,29.75,190.0
102,38.0,34.473684210526315,40.46201878846534,7.0,8.75,21.0,35.0,169.0
103,10.0,27.4,45.4904141306471,7.0,7.0,10.5,21.0,155.0
104,34.0,40.588235294117645,45.65756444151218,7.0,7.0,28.0,42.0,197.0
105,14.0,23.571428571428573,36.335433618765805,7.0,8.75,14.0,19.25,148.0
106,45.0,31.444444444444443,40.195858875101436,7.0,7.0,14.0,35.0,169.0
107,18.0,27.666666666666668,31.572512244225432,7.0,14.0,21.0,26.25,148.0
108,27.0,33.22222222222222,45.51612844605688,7.0,7.0,14.0,35.0,183.0
109,40.0,42.025,46.09549035176034,7.0,12.25,21.0,52.5,182.0
110,34.0,43.88235294117647,58.26832639575782,7.0,7.0,28.0,49.0,288.0
111,27.0,31.925925925925927,40.82884154607257,7.0,7.0,21.0,28.0,176.0
112,26.0,62.5,95.12528580771782,7.0,14.0,31.5,78.75,477.0
113,31.0,34.354838709677416,39.1633743754687,7.0,7.0,21.0,45.5,190.0
114,24.0,36.208333333333336,34.69491776673609,7.0,21.0,28.0,36.75,176.0
115,31.0,38.41935483870968,42.38535454104274,7.0,10.5,21.0,45.5,190.0
116,37.0,40.32432432432432,44.63559494771338,7.0,14.0,21.0,49.0,211.0
117,25.0,30.28,41.963793918090865,7.0,7.0,14.0,42.0,204.0
118,11.0,24.272727272727273,50.71506858733587,7.0,7.0,7.0,7.0,176.0
119,18.0,34.27777777777778,81.64039193175914,7.0,7.0,7.0,7.0,308.0
