id,count,mean,std,min,25%,50%,75%,max
0,26.0,30.76923076923077,62.138752927497784,0.0,0.0,7.0,21.0,252.0
1,45.0,9.377777777777778,26.55122740604805,0.0,0.0,0.0,7.0,170.0
2,44.0,18.818181818181817,35.22173795434168,0.0,0.0,7.0,22.75,205.0
3,46.0,5.217391304347826,25.092639950992503,0.0,0.0,0.0,0.0,170.0
4,27.0,23.40740740740741,47.95371106138089,0.0,0.0,7.0,28.0,198.0
5,45.0,9.377777777777778,28.632696574568616,0.0,0.0,0.0,7.0,184.0
6,34.0,9.941176470588236,30.469001810056852,0.0,0.0,0.0,7.0,170.0
7,35.0,25.257142857142856,54.28429675283248,0.0,0.0,7.0,24.5,273.0
8,28.0,24.821428571428573,41.96652420011876,0.0,7.0,7.0,21.0,191.0
9,39.0,14.948717948717949,31.814386614887162,0.0,0.0,7.0,14.0,170.0
10,23.0,11.347826086956522,36.705967678854435,0.0,0.0,0.0,7.0,177.0
11,32.0,18.4375,37.06048891622556,0.0,0.0,3.5,22.75,184.0
12,28.0,27.321428571428573,55.94379028951892,0.0,0.0,7.0,21.0,217.0
13,48.0,14.333333333333334,36.83853979441092,0.0,0.0,0.0,8.75,184.0
14,33.0,30.606060606060606,50.71238716646271,0.0,0.0,7.0,28.0,177.0
15,32.0,17.5625,49.27928145422944,0.0,0.0,0.0,7.0,224.0
16,42.0,19.714285714285715,45.43786200005331,0.0,0.0,0.0,7.0,205.0
17,41.0,14.390243902439025,32.42443372580352,0.0,0.0,0.0,14.0,191.0
18,43.0,15.674418604651162,36.201631724756325,0.0,0.0,0.0,17.5,184.0
19,29.0,22.275862068965516,40.69037842723663,0.0,0.0,7.0,21.0,170.0
20,35.0,32.65714285714286,47.47007903260058,0.0,0.0,7.0,38.5,177.0
21,41.0,14.048780487804878,31.50710334155791,0.0,0.0,0.0,14.0,191.0
22,28.0,9.071428571428571,35.0237258963317,0.0,0.0,0.0,0.0,184.0
23,41.0,16.78048780487805,46.15924186721548,0.0,0.0,0.0,7.0,224.0
24,29.0,16.724137931034484,34.83111965687759,0.0,0.0,0.0,14.0,170.0
25,32.0,14.0625,31.885822008555625,0.0,0.0,7.0,14.0,177.0
26,42.0,13.380952380952381,30.195260798353836,0.0,0.0,3.5,14.0,177.0
27,29.0,21.79310344827586,47.47358612228851,0.0,0.0,0.0,14.0,184.0
28,26.0,28.884615384615383,57.07631867811863,0.0,0.0,7.0,26.25,245.0
29,46.0,10.847826086956522,28.692211402558048,0.0,0.0,7.0,7.0,191.0
30,26.0,16.76923076923077,34.94831348412417,0.0,0.0,7.0,19.25,177.0
31,18.0,16.055555555555557,42.857454869701456,0.0,0.0,3.5,7.0,184.0
32,46.0,16.02173913043478,33.27227015628265,0.0,0.0,3.5,21.0,205.0
33,22.0,11.227272727272727,36.47560413440327,0.0,0.0,0.0,0.0,170.0
34,29.0,35.06896551724138,59.17886388766247,0.0,0.0,7.0,42.0,198.0
35,18.0,15.666666666666666,44.70425693639582,0.0,0.0,0.0,7.0,191.0
36,25.0,19.4,40.47735992708352,0.0,0.0,7.0,14.0,191.0
37,45.0,7.511111111111111,30.600521550978815,0.0,0.0,0.0,7.0,205.0
38,42.0,16.047619047619047,45.08850504148176,0.0,0.0,3.5,7.0,219.0
39,46.0,4.0,26.094699334028228,0.0,0.0,0.0,0.0,177.0
40,27.0,24.185185185185187,48.412519865961116,0.0,0.0,7.0,28.0,233.0
41,44.0,9.431818181818182,31.91369009096233,0.0,0.0,0.0,7.0,205.0
42,34.0,9.735294117647058,33.34330955881728,0.0,0.0,0.0,7.0,191.0
43,31.0,33.935483870967744,56.47414481210021,0.0,0.0,7.0,35.0,212.0
44,28.0,17.321428571428573,42.33031797784916,0.0,0.0,3.5,21.0,219.0
45,39.0,19.435897435897434,39.69541593035574,0.0,0.0,7.0,14.0,205.0
46,23.0,11.956521739130435,41.30427917614432,0.0,0.0,0.0,7.0,198.0
47,31.0,14.064516129032258,38.469845752979886,0.0,0.0,0.0,10.5,212.0
48,28.0,22.071428571428573,51.6304020195312,0.0,0.0,7.0,8.75,212.0
49,46.0,15.717391304347826,36.76693142453979,0.0,0.0,0.0,14.0,226.0
50,32.0,20.625,46.539438703520155,0.0,0.0,3.5,14.0,198.0
51,32.0,13.625,35.16390194503448,0.0,0.0,0.0,7.0,191.0
52,42.0,10.047619047619047,34.03509836950773,0.0,0.0,0.0,7.0,219.0
53,41.0,9.439024390243903,31.354464419351675,0.0,0.0,0.0,7.0,198.0
54,42.0,17.547619047619047,49.71783916038755,0.0,0.0,0.0,7.0,212.0
55,28.0,24.071428571428573,45.87335914629622,0.0,0.0,7.0,22.75,205.0
56,35.0,26.857142857142858,49.36010705080801,0.0,0.0,7.0,35.0,219.0
57,41.0,10.804878048780488,32.2298150104799,0.0,0.0,0.0,7.0,205.0
58,28.0,11.821428571428571,40.55727871964361,0.0,0.0,0.0,7.0,212.0
59,40.0,15.8,49.80124599409238,0.0,0.0,0.0,7.0,231.0
60,29.0,19.379310344827587,42.23946512200531,0.0,0.0,7.0,21.0,219.0
61,32.0,16.90625,37.80967564765195,0.0,0.0,3.5,14.0,198.0
62,42.0,8.380952380952381,30.45104217925152,0.0,0.0,0.0,7.0,198.0
63,29.0,19.862068965517242,47.33446655596671,0.0,0.0,7.0,14.0,219.0
64,26.0,19.46153846153846,42.09915036599268,0.0,0.0,7.0,14.0,212.0
65,46.0,12.673913043478262,32.91339095790384,0.0,0.0,3.5,14.0,205.0
66,26.0,17.576923076923077,45.00593123304801,0.0,0.0,7.0,12.25,226.0
67,18.0,18.0,45.966739893868784,0.0,0.0,7.0,12.25,198.0
68,46.0,14.652173913043478,37.70600741485476,0.0,0.0,0.0,12.25,212.0
69,22.0,14.727272727272727,40.763174111400645,0.0,0.0,0.0,12.25,191.0
70,29.0,18.413793103448278,42.242934524502196,0.0,0.0,7.0,14.0,226.0
71,18.0,21.88888888888889,49.93865517858638,0.0,0.0,7.0,14.0,212.0
72,24.0,20.5,51.088159097779204,0.0,0.0,0.0,17.5,233.0
73,45.0,7.822222222222222,35.68249436404922,0.0,0.0,0.0,7.0,240.0
74,42.0,13.380952380952381,40.37564611335462,0.0,0.0,0.0,7.0,240.0
75,46.0,4.0,27.129319932501073,0.0,0.0,0.0,0.0,184.0
76,23.0,29.608695652173914,64.20332696734562,0.0,0.0,14.0,28.0,310.0
77,44.0,8.954545454545455,36.255523746239895,0.0,0.0,0.0,7.0,240.0
78,34.0,8.294117647058824,37.48011950739712,0.0,0.0,0.0,0.0,219.0
79,31.0,30.548387096774192,63.8366867925111,0.0,0.0,7.0,24.5,252.0
80,28.0,23.071428571428573,50.73747141207379,0.0,0.0,7.0,21.0,254.0
81,37.0,14.81081081081081,43.5659384266079,0.0,0.0,0.0,7.0,247.0
82,23.0,12.869565217391305,46.92479897552339,0.0,0.0,0.0,7.0,226.0
83,31.0,20.161290322580644,49.64681713476608,0.0,0.0,0.0,14.0,261.0
84,28.0,31.571428571428573,50.3840278714422,0.0,0.0,7.0,35.0,226.0
85,46.0,13.130434782608695,37.53197670470234,0.0,0.0,0.0,14.0,240.0
86,32.0,15.8125,46.0458659837509,0.0,0.0,0.0,14.0,254.0
87,32.0,10.34375,37.640583258824726,0.0,0.0,0.0,7.0,212.0
88,41.0,12.853658536585366,36.76993403285472,0.0,0.0,0.0,14.0,233.0
89,40.0,12.65,41.30657736164221,0.0,0.0,0.0,7.0,254.0
90,42.0,14.380952380952381,36.50589820767182,0.0,0.0,7.0,12.25,226.0
91,28.0,23.571428571428573,46.93843767337097,0.0,0.0,10.5,21.0,240.0
92,35.0,30.257142857142856,57.7379184495835,0.0,0.0,7.0,31.5,296.0
93,41.0,14.21951219512195,38.29785385313513,0.0,0.0,7.0,14.0,240.0
94,25.0,21.92,51.46351458395873,0.0,0.0,0.0,14.0,226.0
95,40.0,18.775,52.3339804794219,0.0,0.0,0.0,7.0,254.0
96,28.0,21.071428571428573,44.98800545612835,0.0,0.0,7.0,21.0,233.0
97,32.0,18.4375,46.02379293505732,0.0,0.0,3.5,15.75,247.0
98,40.0,11.425,37.74535970801152,0.0,0.0,3.5,7.0,240.0
99,26.0,27.0,54.440426155569355,0.0,0.0,0.0,28.0,233.0
100,26.0,31.846153846153847,52.723195887724636,0.0,0.0,14.0,40.25,226.0
101,45.0,11.088888888888889,38.93574089691782,0.0,0.0,0.0,7.0,261.0
102,26.0,19.192307692307693,48.972661133141806,0.0,0.0,7.0,21.0,247.0
103,18.0,17.22222222222222,54.221284680633495,0.0,0.0,0.0,7.0,233.0
104,46.0,10.543478260869565,37.90204129462577,0.0,0.0,0.0,7.0,254.0
105,22.0,16.0,46.70474636836532,0.0,0.0,0.0,7.0,219.0
106,28.0,18.071428571428573,51.92154235812493,0.0,0.0,7.0,7.0,247.0
107,18.0,22.27777777777778,63.83877261421063,0.0,0.0,0.0,0.0,261.0
108,23.0,26.869565217391305,52.57834357830926,0.0,0.0,14.0,28.0,247.0
109,45.0,10.622222222222222,46.427993558397354,0.0,0.0,0.0,7.0,310.0
110,42.0,20.047619047619047,64.0590247563088,0.0,0.0,0.0,14.0,394.0
111,44.0,12.772727272727273,38.406554452946516,0.0,0.0,0.0,8.75,233.0
112,23.0,31.434782608695652,96.96664191498422,0.0,0.0,7.0,14.0,471.0
113,44.0,9.431818181818182,40.60553160121581,0.0,0.0,0.0,7.0,268.0
114,34.0,12.823529411764707,44.44845198806672,0.0,0.0,0.0,5.25,254.0
115,29.0,28.79310344827586,50.89932592196428,0.0,7.0,7.0,35.0,247.0
116,27.0,26.0,64.51833370922861,0.0,0.0,0.0,21.0,310.0
117,37.0,22.756756756756758,64.37580869196708,0.0,0.0,7.0,14.0,301.0
118,23.0,12.565217391304348,48.26331760340307,0.0,0.0,0.0,7.0,233.0
119,31.0,16.322580645161292,52.17942576455091,0.0,0.0,0.0,10.5,289.0
120,28.0,18.321428571428573,49.39489670103401,0.0,0.0,7.0,14.0,261.0
121,46.0,15.26086956521739,42.78547769336315,0.0,0.0,7.0,12.25,268.0
122,32.0,18.21875,48.929003454313865,0.0,0.0,7.0,15.75,275.0
123,32.0,14.5,52.48532821102822,0.0,0.0,0.0,7.0,296.0
124,41.0,13.707317073170731,46.96873635858166,0.0,0.0,0.0,7.0,247.0
125,40.0,22.275,63.232167852146674,0.0,0.0,7.0,15.75,373.0
126,42.0,12.380952380952381,36.38208643968889,0.0,0.0,0.0,7.0,233.0
127,28.0,20.821428571428573,50.676207852680164,0.0,0.0,7.0,21.0,268.0
128,35.0,24.857142857142858,79.3273719013375,0.0,0.0,7.0,14.0,464.0
129,41.0,10.121951219512194,40.49271238257029,0.0,0.0,0.0,7.0,261.0
130,25.0,22.76,63.03588924837449,0.0,0.0,0.0,7.0,289.0
131,40.0,18.95,58.46583486236938,0.0,0.0,0.0,7.0,268.0
132,27.0,30.925925925925927,53.84945248341466,0.0,0.0,14.0,42.0,254.0
133,32.0,19.09375,62.70533206478408,0.0,0.0,0.0,7.0,352.0
134,40.0,14.575,45.42386557859827,0.0,0.0,0.0,7.0,254.0
135,25.0,30.04,63.6877015862037,0.0,0.0,7.0,14.0,247.0
136,26.0,36.15384615384615,67.85849530173348,0.0,0.0,7.0,33.25,282.0
137,44.0,12.613636363636363,45.19169295402353,0.0,0.0,0.0,7.0,296.0
138,25.0,31.44,61.30666086704338,0.0,0.0,7.0,21.0,261.0
139,18.0,22.27777777777778,68.89532175320124,0.0,0.0,0.0,12.25,296.0
140,45.0,15.911111111111111,45.45468383817319,0.0,0.0,0.0,7.0,268.0
141,20.0,28.1,59.7696455261012,0.0,0.0,0.0,19.25,240.0
142,25.0,44.04,73.27487063561878,0.0,0.0,7.0,49.0,275.0
143,18.0,32.0,84.48738158481906,0.0,0.0,0.0,7.0,352.0
144,23.0,25.347826086956523,72.93060755119596,0.0,0.0,7.0,17.5,352.0
145,45.0,11.4,54.339170536045685,0.0,0.0,0.0,7.0,366.0
146,42.0,21.214285714285715,106.8218338224198,0.0,0.0,0.0,7.0,695.0
147,44.0,12.613636363636363,39.32051710671048,0.0,0.0,0.0,7.0,254.0
148,23.0,37.21739130434783,132.5127632006336,0.0,0.0,7.0,14.0,639.0
149,44.0,11.022727272727273,43.029729385549906,0.0,0.0,0.0,7.0,282.0
150,34.0,14.470588235294118,47.80467537304568,0.0,0.0,0.0,12.25,275.0
151,29.0,29.275862068965516,53.293591514850306,0.0,0.0,7.0,28.0,261.0
152,27.0,27.555555555555557,68.06915789408781,0.0,0.0,0.0,17.5,331.0
153,37.0,20.864864864864863,50.18308821049521,0.0,0.0,7.0,14.0,282.0
154,23.0,13.478260869565217,50.438864493398334,0.0,0.0,0.0,0.0,240.0
155,30.0,18.966666666666665,56.29202389346992,0.0,0.0,7.0,7.0,303.0
156,28.0,20.071428571428573,54.733650406057215,0.0,0.0,0.0,10.5,282.0
157,45.0,18.244444444444444,53.29214318501861,0.0,0.0,0.0,7.0,331.0
158,31.0,22.870967741935484,52.08630142080473,0.0,0.0,7.0,21.0,282.0
159,32.0,22.59375,73.30266877815568,0.0,0.0,7.0,14.0,415.0
160,41.0,12.682926829268293,41.80456854483146,0.0,0.0,0.0,7.0,261.0
161,40.0,17.725,61.02500013130389,0.0,0.0,3.5,14.0,387.0
162,42.0,16.714285714285715,54.22864228983888,0.0,0.0,0.0,7.0,259.0
163,28.0,25.071428571428573,57.11906250620105,0.0,0.0,3.5,22.75,282.0
164,31.0,39.806451612903224,102.78016000339065,0.0,0.0,7.0,24.5,541.0
165,41.0,20.024390243902438,69.00162599710171,0.0,0.0,0.0,7.0,329.0
166,25.0,18.56,60.53585714268858,0.0,0.0,0.0,7.0,303.0
167,39.0,13.692307692307692,44.055081459794735,0.0,0.0,7.0,10.5,275.0
168,27.0,20.555555555555557,50.77501909504874,0.0,0.0,7.0,17.5,268.0
169,28.0,33.57142857142857,123.67233547097976,0.0,0.0,7.0,14.0,660.0
