id,count,mean,std,min,25%,50%,75%,max
0,217.0,42.617511520737324,40.16247404675887,7.0,14.0,28.0,63.0,245.0
1,306.0,35.209150326797385,28.263201724764034,7.0,14.0,28.0,56.0,147.0
2,204.0,30.92156862745098,29.96227061792003,7.0,7.0,21.0,42.0,182.0
3,227.0,27.26431718061674,25.83834539563064,7.0,7.0,21.0,42.0,175.0
4,176.0,27.84659090909091,33.246684728774774,7.0,7.0,14.0,29.75,161.0
5,296.0,31.97635135135135,29.395539524396742,7.0,14.0,21.0,42.0,182.0
6,106.0,20.0188679245283,20.932536138327574,7.0,7.0,14.0,21.0,120.0
7,240.0,34.770833333333336,45.435613362710825,7.0,7.0,21.0,42.0,294.0
8,300.0,31.503333333333334,33.79848785809609,7.0,7.0,21.0,35.0,224.0
9,206.0,22.09223300970874,20.504758230988614,7.0,7.0,14.0,33.25,154.0
10,109.0,24.990825688073393,18.056236950994112,7.0,14.0,21.0,35.0,120.0
11,111.0,13.252252252252251,14.143079559512469,7.0,7.0,7.0,14.0,120.0
12,142.0,16.422535211267604,18.940490584935812,7.0,7.0,7.0,14.0,120.0
13,257.0,22.883268482490273,24.439058298659788,7.0,7.0,14.0,28.0,210.0
14,253.0,16.798418972332016,17.7749064435719,7.0,7.0,7.0,21.0,126.0
15,97.0,21.082474226804123,22.4451507861817,7.0,7.0,7.0,28.0,120.0
16,294.0,39.02721088435374,35.11005526327448,7.0,14.0,28.0,56.0,203.0
17,237.0,39.729957805907176,40.58004839253626,7.0,14.0,28.0,49.0,399.0
18,270.0,31.192592592592593,28.42795532237761,7.0,7.0,21.0,42.0,154.0
19,258.0,34.0,30.712169478654598,7.0,7.0,21.0,49.0,168.0
20,237.0,33.970464135021096,46.88955619184737,7.0,7.0,14.0,35.0,322.0
21,223.0,30.42152466367713,38.156055609128565,7.0,7.0,14.0,38.5,287.0
22,129.0,14.224806201550388,18.542704221471073,7.0,7.0,7.0,14.0,140.0
23,262.0,34.36259541984733,40.35240137446918,7.0,8.75,21.0,42.0,427.0
24,327.0,33.99694189602447,26.402325895746433,7.0,14.0,28.0,49.0,168.0
25,169.0,24.36094674556213,33.151436642765425,7.0,7.0,14.0,28.0,238.0
26,253.0,46.541501976284586,50.239616878359264,7.0,14.0,28.0,56.0,308.0
27,219.0,35.38812785388128,35.28390809323993,7.0,7.0,21.0,49.0,252.0
28,214.0,38.046728971962615,37.26932386007602,7.0,14.0,28.0,49.0,245.0
29,279.0,24.516129032258064,20.914323120302342,7.0,7.0,21.0,28.0,126.0
30,238.0,34.239495798319325,29.265938262094753,7.0,14.0,28.0,42.0,210.0
31,146.0,26.76027397260274,30.2685234923539,7.0,14.0,21.0,28.0,203.0
32,245.0,24.546938775510203,24.69641161663045,7.0,7.0,14.0,35.0,161.0
33,55.0,13.0,16.80387962258628,7.0,7.0,7.0,14.0,120.0
34,319.0,35.00313479623824,36.72184228540249,7.0,7.0,21.0,42.0,224.0
35,114.0,22.54385964912281,23.20212850736248,7.0,7.0,14.0,33.25,133.0
36,137.0,20.956204379562045,25.22570718799361,7.0,7.0,14.0,21.0,182.0
37,268.0,34.76865671641791,27.29980976435742,7.0,14.0,28.0,49.0,141.0
38,238.0,33.680672268907564,31.59699627157319,7.0,7.0,21.0,49.0,182.0
39,302.0,33.102649006622514,29.34431965388675,7.0,14.0,21.0,42.0,203.0
40,253.0,35.75098814229249,36.018806389193955,7.0,7.0,21.0,49.0,259.0
41,305.0,37.13770491803279,34.64757797002492,7.0,14.0,28.0,49.0,266.0
42,139.0,17.07913669064748,18.641571413283337,7.0,7.0,14.0,21.0,127.0
43,237.0,19.261603375527425,29.6118806744744,7.0,7.0,7.0,21.0,217.0
44,291.0,38.202749140893474,36.06875798750202,7.0,14.0,28.0,49.0,196.0
45,332.0,27.771084337349397,28.579596931275905,7.0,7.0,14.0,35.0,217.0
46,63.0,10.238095238095237,15.763078835617112,7.0,7.0,7.0,7.0,127.0
47,192.0,16.994791666666668,16.535064248275237,7.0,7.0,10.5,21.0,134.0
48,230.0,23.256521739130434,25.80645676097929,7.0,7.0,14.0,28.0,224.0
49,363.0,23.181818181818183,26.759931290119816,7.0,7.0,14.0,28.0,231.0
50,296.0,24.125,22.352065464034293,7.0,14.0,14.0,28.0,141.0
51,128.0,18.546875,24.021597688576236,7.0,7.0,7.0,21.0,182.0
52,201.0,26.333333333333332,26.826914346106474,7.0,7.0,14.0,35.0,148.0
53,259.0,41.05791505791506,44.05696327131991,7.0,14.0,28.0,49.0,427.0
54,185.0,17.751351351351353,17.824409582599717,7.0,7.0,14.0,21.0,141.0
55,220.0,22.53181818181818,23.07509848722431,7.0,7.0,14.0,28.0,147.0
56,238.0,39.121848739495796,49.46897192246501,7.0,7.0,21.0,49.0,315.0
57,275.0,35.20727272727273,39.92196701772139,7.0,14.0,21.0,42.0,364.0
58,210.0,16.63809523809524,19.89547990766839,7.0,7.0,7.0,14.0,154.0
59,289.0,39.07266435986159,43.398967683592865,7.0,14.0,28.0,49.0,497.0
60,317.0,34.38485804416404,28.152671890116746,7.0,14.0,28.0,49.0,147.0
61,85.0,22.658823529411766,46.71074948710477,7.0,7.0,7.0,21.0,378.0
62,260.0,42.32692307692308,47.97808426403215,7.0,14.0,28.0,56.0,399.0
63,261.0,35.64750957854406,38.86384373094325,7.0,7.0,21.0,42.0,266.0
64,231.0,36.18614718614719,36.349929470118504,7.0,14.0,21.0,49.0,224.0
65,258.0,29.007751937984494,27.178469426625618,7.0,7.0,21.0,35.0,182.0
66,206.0,37.689320388349515,29.73657651698509,7.0,14.0,28.0,49.0,161.0
67,69.0,20.304347826086957,34.07358142911675,7.0,7.0,7.0,14.0,189.0
68,292.0,33.46917808219178,27.41852802480862,7.0,14.0,28.0,42.0,148.0
69,145.0,13.137931034482758,13.281472417565158,7.0,7.0,7.0,14.0,127.0
70,305.0,36.93114754098361,43.32548000228986,7.0,7.0,21.0,49.0,385.0
71,142.0,26.922535211267604,24.568639972999417,7.0,14.0,21.0,35.0,140.0
72,171.0,19.28654970760234,22.999355370036362,7.0,7.0,7.0,21.0,155.0
73,228.0,26.99122807017544,24.662299114319055,7.0,7.0,21.0,35.0,162.0
74,178.0,26.865168539325843,26.42340642372934,7.0,7.0,17.5,35.0,169.0
75,246.0,37.109756097560975,35.256496670702965,7.0,14.0,28.0,49.0,224.0
76,169.0,26.763313609467456,32.47513082788072,7.0,7.0,14.0,35.0,253.0
77,255.0,38.27058823529412,34.01587918978711,7.0,14.0,28.0,56.0,203.0
78,194.0,24.432989690721648,24.568570518788444,7.0,7.0,14.0,35.0,175.0
79,323.0,30.45201238390093,36.26943711886223,7.0,7.0,14.0,35.0,280.0
80,252.0,40.86507936507937,38.49910293870897,7.0,14.0,28.0,56.0,217.0
81,257.0,30.346303501945524,27.62345718177129,7.0,7.0,21.0,42.0,210.0
82,148.0,12.067567567567568,13.624538767534723,7.0,7.0,7.0,14.0,141.0
83,151.0,23.04635761589404,21.097341933158113,7.0,7.0,14.0,28.0,155.0
84,186.0,33.38709677419355,38.45391267705236,7.0,14.0,21.0,40.25,280.0
85,218.0,22.288990825688074,23.4743505063669,7.0,7.0,14.0,28.0,162.0
86,318.0,29.654088050314467,34.854539991205336,7.0,7.0,21.0,35.0,343.0
87,165.0,23.89090909090909,24.501871053944516,7.0,7.0,14.0,35.0,155.0
88,237.0,26.970464135021096,29.81573305313036,7.0,7.0,14.0,35.0,224.0
89,237.0,28.742616033755276,29.99783181275527,7.0,7.0,21.0,35.0,189.0
90,231.0,19.3982683982684,21.318226464629145,7.0,7.0,14.0,21.0,176.0
91,330.0,26.793939393939393,23.482256632003455,7.0,14.0,21.0,35.0,155.0
92,202.0,17.331683168316832,22.681306791052947,7.0,7.0,7.0,21.0,162.0
93,295.0,40.983050847457626,45.015224758390644,7.0,14.0,28.0,49.0,434.0
94,179.0,28.553072625698324,28.117954379425612,7.0,14.0,21.0,35.0,224.0
95,279.0,42.85663082437276,53.52133526152135,7.0,14.0,28.0,56.0,518.0
96,322.0,34.06832298136646,32.30503451666276,7.0,7.0,21.0,49.0,169.0
97,119.0,18.714285714285715,42.442811544665375,7.0,7.0,7.0,14.0,343.0
98,258.0,42.65503875968992,46.27713415627999,7.0,14.0,28.0,56.0,378.0
99,306.0,38.27450980392157,42.85908826002055,7.0,7.0,21.0,49.0,259.0
100,274.0,38.91240875912409,39.12504129643429,7.0,7.0,28.0,49.0,210.0
101,263.0,30.61216730038023,26.990275394956008,7.0,7.0,21.0,42.0,169.0
102,235.0,39.234042553191486,30.920502399389633,7.0,14.0,35.0,52.5,176.0
103,144.0,18.23611111111111,27.09372133575851,7.0,7.0,7.0,15.75,196.0
104,268.0,40.958955223880594,38.947989351952245,7.0,14.0,28.0,56.0,357.0
105,140.0,21.707142857142856,16.97543567153544,7.0,14.0,14.0,28.0,141.0
106,211.0,34.93838862559242,37.69705047525556,7.0,7.0,21.0,42.0,190.0
107,88.0,26.022727272727273,27.378142667550787,7.0,7.0,14.0,35.0,148.0
108,229.0,25.069868995633186,24.607701163694873,7.0,7.0,14.0,28.0,182.0
109,304.0,33.66776315789474,29.284506546856743,7.0,14.0,21.0,49.0,232.0
110,236.0,28.271186440677965,32.21686119052176,7.0,7.0,21.0,35.0,302.0
111,275.0,42.74181818181818,37.72309158881224,7.0,14.0,35.0,56.0,238.0
112,166.0,32.05421686746988,48.452070165498405,7.0,7.0,14.0,42.0,491.0
113,210.0,28.538095238095238,27.31424389946569,7.0,7.0,21.0,42.0,211.0
114,159.0,34.477987421383645,34.11407454409163,7.0,14.0,21.0,49.0,224.0
115,246.0,34.97560975609756,42.87827353641253,7.0,7.0,21.0,42.0,308.0
116,221.0,25.312217194570135,32.89829071365084,7.0,7.0,7.0,28.0,197.0
117,304.0,29.5,33.289013440496916,7.0,7.0,21.0,36.75,273.0
118,142.0,20.760563380281692,18.123269622449783,7.0,14.0,14.0,21.0,176.0
119,193.0,22.020725388601036,32.25564526643986,7.0,7.0,7.0,28.0,266.0
