id,count,mean,std,min,25%,50%,75%,max
0,5.0,46.4,47.24193052786899,7.0,7.0,35.0,63.0,120.0
1,10.0,33.7,37.41375267049389,7.0,7.0,21.0,38.5,120.0
2,10.0,28.8,34.49895328524878,7.0,7.0,17.5,33.25,120.0
3,9.0,39.0,34.781460578877365,7.0,14.0,28.0,49.0,120.0
4,8.0,48.25,43.93745554763043,7.0,7.0,45.5,63.0,120.0
5,9.0,45.22222222222222,43.8029045206416,7.0,14.0,21.0,77.0,120.0
6,6.0,41.0,41.535526961867234,7.0,15.75,28.0,45.5,120.0
7,7.0,34.142857142857146,39.63343946479442,7.0,10.5,21.0,35.0,120.0
8,10.0,31.6,38.629867546584556,7.0,7.0,21.0,21.0,120.0
9,11.0,25.545454545454547,33.15829801531929,7.0,7.0,14.0,24.5,120.0
10,5.0,39.4,48.304244119952855,7.0,7.0,14.0,49.0,120.0
11,5.0,43.6,46.155173057849105,7.0,7.0,42.0,42.0,120.0
12,3.0,56.333333333333336,57.84750066626331,7.0,24.5,42.0,81.0,120.0
13,9.0,25.77777777777778,36.02005614160595,7.0,7.0,14.0,21.0,120.0
14,8.0,35.125,41.78666055094616,7.0,7.0,10.5,54.25,120.0
15,5.0,68.8,65.37354204875243,7.0,14.0,49.0,120.0,154.0
16,7.0,42.142857142857146,41.32968493882886,7.0,17.5,21.0,56.0,120.0
17,10.0,40.0,35.33647784749729,7.0,14.0,35.0,54.25,120.0
18,9.0,36.666666666666664,36.45202326346235,7.0,14.0,21.0,49.0,120.0
19,9.0,44.44444444444444,39.058005296965405,7.0,14.0,35.0,42.0,120.0
20,10.0,24.6,34.95139482195239,7.0,7.0,10.5,24.5,120.0
21,9.0,34.333333333333336,36.235341863986875,7.0,14.0,21.0,28.0,120.0
22,8.0,34.25,44.771642811047265,7.0,7.0,14.0,33.25,120.0
23,8.0,49.125,60.729934957976035,7.0,12.25,21.0,56.25,168.0
24,9.0,49.888888888888886,35.32507765187659,14.0,21.0,49.0,70.0,120.0
25,10.0,25.3,37.49681467953126,7.0,7.0,7.0,14.0,120.0
26,9.0,34.333333333333336,35.89568219159513,7.0,14.0,21.0,42.0,120.0
27,8.0,36.875,39.32079602449574,7.0,7.0,24.5,47.25,120.0
28,9.0,39.0,37.32961290986018,7.0,7.0,35.0,56.0,120.0
29,6.0,35.166666666666664,43.54040269297778,7.0,8.75,17.5,36.75,120.0
30,7.0,34.142857142857146,39.426846063008774,7.0,10.5,28.0,31.5,120.0
31,3.0,63.333333333333336,56.500737458314056,7.0,35.0,63.0,91.5,120.0
32,10.0,33.7,32.42444208378063,7.0,21.0,21.0,33.25,120.0
33,1.0,120.0,,120.0,120.0,120.0,120.0,120.0
34,9.0,26.555555555555557,37.6434294104267,7.0,7.0,7.0,21.0,120.0
35,6.0,41.0,40.5807836296935,7.0,19.25,35.0,35.0,120.0
36,9.0,32.77777777777778,42.853756479968524,7.0,7.0,14.0,21.0,127.0
37,10.0,42.1,45.12562711167815,7.0,14.0,21.0,63.0,141.0
38,8.0,34.25,44.99444410146657,7.0,14.0,14.0,28.0,141.0
39,7.0,34.142857142857146,44.87920294683115,7.0,7.0,7.0,42.0,127.0
40,4.0,75.5,45.20693162189474,28.0,49.0,70.0,96.5,134.0
41,8.0,28.125,51.38214670486238,7.0,7.0,10.5,14.0,155.0
42,4.0,38.75,58.92580080066795,7.0,7.0,10.5,42.25,127.0
43,13.0,29.692307692307693,38.17150904227003,7.0,7.0,14.0,28.0,141.0
44,9.0,48.333333333333336,50.91414341811124,7.0,14.0,21.0,56.0,155.0
45,12.0,28.083333333333332,39.421863646120705,7.0,7.0,17.5,28.0,148.0
46,5.0,45.0,49.563091106185055,7.0,14.0,21.0,56.0,127.0
47,6.0,34.0,50.175691325581155,7.0,7.0,10.5,29.75,134.0
48,5.0,36.6,55.20235502222709,7.0,7.0,7.0,28.0,134.0
49,10.0,33.0,37.78300617414601,7.0,8.75,24.5,35.0,134.0
50,6.0,42.166666666666664,53.154178261606745,7.0,15.75,21.0,36.75,148.0
51,5.0,64.6,56.58003181335266,7.0,14.0,56.0,119.0,127.0
52,6.0,57.333333333333336,56.24470345434018,7.0,19.25,38.5,78.75,155.0
53,8.0,36.875,40.94050561485532,7.0,14.0,24.5,36.75,134.0
54,8.0,43.875,47.6877866963859,7.0,12.25,28.0,49.0,127.0
55,8.0,41.25,46.373483802707774,7.0,12.25,28.0,49.0,148.0
56,7.0,57.142857142857146,58.88244948321067,7.0,14.0,42.0,87.5,148.0
57,8.0,46.5,45.05552130427524,14.0,19.25,28.0,57.75,148.0
58,8.0,36.875,43.08276917747976,7.0,7.0,21.0,40.25,127.0
59,5.0,43.6,66.74054240115225,7.0,7.0,14.0,28.0,162.0
60,8.0,43.875,45.476642356269004,7.0,12.25,28.0,59.5,141.0
61,4.0,58.0,54.49770637375485,7.0,28.0,45.5,75.5,134.0
62,9.0,32.77777777777778,41.27280514387706,7.0,7.0,14.0,35.0,134.0
63,9.0,45.22222222222222,43.03712867332629,14.0,14.0,28.0,56.0,148.0
64,10.0,45.6,44.38267930423108,7.0,15.75,31.5,45.5,127.0
65,9.0,42.888888888888886,46.2829462233241,7.0,21.0,35.0,42.0,162.0
66,8.0,37.75,48.68778080791935,7.0,17.5,21.0,31.5,155.0
67,6.0,41.0,51.52475133370369,7.0,8.75,21.0,43.75,141.0
68,11.0,40.81818181818182,45.91692102442886,7.0,10.5,28.0,38.5,155.0
69,4.0,38.75,58.92580080066795,7.0,7.0,10.5,42.25,127.0
70,9.0,39.77777777777778,43.179213105896736,7.0,14.0,28.0,49.0,148.0
71,3.0,54.0,69.63476143421474,7.0,14.0,21.0,77.5,134.0
72,9.0,43.666666666666664,49.14773646873272,14.0,14.0,21.0,49.0,162.0
73,10.0,47.7,45.942113335999004,14.0,21.0,21.0,63.0,148.0
74,5.0,63.2,65.31998162890127,14.0,21.0,28.0,84.0,169.0
75,9.0,34.333333333333336,49.48484616526558,7.0,7.0,14.0,21.0,155.0
76,2.0,95.0,94.75230867899737,28.0,61.5,95.0,128.5,162.0
77,9.0,36.666666666666664,58.764359947165254,7.0,7.0,21.0,28.0,190.0
78,3.0,65.66666666666667,78.62145593496302,7.0,21.0,35.0,95.0,155.0
79,10.0,28.1,49.8117567559217,7.0,7.0,14.0,19.25,169.0
80,6.0,59.666666666666664,58.91915364859433,14.0,29.75,42.0,54.25,176.0
81,5.0,47.8,68.20337235063967,7.0,14.0,21.0,28.0,169.0
82,4.0,47.5,63.71551354785321,7.0,7.0,21.0,61.5,141.0
83,3.0,61.0,87.53856293085921,7.0,10.5,14.0,88.0,162.0
84,3.0,68.0,99.65440281292142,7.0,10.5,14.0,98.5,183.0
85,9.0,29.666666666666668,50.16971197844373,7.0,7.0,14.0,21.0,162.0
86,4.0,61.5,73.09582751429797,7.0,22.75,35.0,73.75,169.0
87,6.0,45.666666666666664,58.89538748209971,7.0,7.0,17.5,59.5,155.0
88,6.0,107.5,109.70642642981312,7.0,35.0,66.5,156.5,294.0
89,8.0,73.625,96.13077030795083,7.0,14.0,24.5,93.0,231.0
90,9.0,49.888888888888886,62.17604933663051,7.0,14.0,21.0,35.0,161.0
91,8.0,47.375,55.54390155543631,7.0,7.0,42.0,45.5,176.0
92,7.0,50.142857142857146,51.70889211547201,14.0,21.0,28.0,52.5,162.0
93,9.0,50.666666666666664,51.71556825560365,7.0,21.0,28.0,70.0,176.0
94,7.0,36.142857142857146,57.01002418121621,7.0,7.0,7.0,31.5,162.0
95,6.0,50.333333333333336,62.917935969536266,14.0,15.75,24.5,43.75,176.0
96,8.0,60.5,50.17967716117751,7.0,26.25,49.0,78.75,155.0
97,7.0,49.142857142857146,62.01190361919388,7.0,7.0,21.0,66.5,169.0
98,9.0,49.111111111111114,44.58823960542859,14.0,28.0,35.0,42.0,162.0
99,9.0,42.888888888888886,52.28394697334079,7.0,14.0,28.0,42.0,176.0
100,10.0,43.5,44.244899266594686,7.0,8.75,35.0,47.25,141.0
101,8.0,39.5,54.55272678794342,7.0,12.25,21.0,29.75,169.0
102,7.0,40.142857142857146,61.753349629604635,7.0,7.0,14.0,35.0,176.0
103,3.0,100.66666666666667,72.26571340084683,21.0,70.0,119.0,140.5,162.0
104,11.0,48.45454545454545,52.68085731338024,7.0,24.5,35.0,38.5,183.0
105,4.0,52.75,63.20535314881696,7.0,7.0,31.5,77.25,141.0
106,8.0,43.0,61.30252849597641,7.0,7.0,24.5,38.5,190.0
107,4.0,49.25,75.23906343560283,7.0,12.25,14.0,51.0,162.0
108,5.0,54.8,66.72480798024075,7.0,7.0,42.0,49.0,169.0
109,10.0,54.0,61.755791451310685,7.0,21.0,31.5,49.0,211.0
110,7.0,66.14285714285714,108.4288223850537,7.0,10.5,35.0,45.5,309.0
111,8.0,48.25,56.890245209526036,7.0,19.25,28.0,50.75,183.0
112,3.0,198.66666666666666,265.3155354164798,42.0,45.5,49.0,277.0,505.0
113,9.0,42.111111111111114,61.454138274904736,7.0,14.0,21.0,35.0,204.0
114,6.0,43.333333333333336,66.42489493154405,7.0,7.0,14.0,36.75,176.0
115,7.0,43.142857142857146,66.80925228197206,7.0,7.0,7.0,45.5,183.0
116,9.0,46.0,64.0097648800556,7.0,14.0,21.0,42.0,211.0
117,7.0,39.142857142857146,67.37563499126514,7.0,7.0,7.0,28.0,190.0
118,3.0,126.33333333333333,97.28480525412658,14.0,98.0,182.0,182.5,183.0
119,7.0,44.142857142857146,68.68388595934414,7.0,7.0,21.0,35.0,197.0
