id,count,mean,std,min,25%,50%,75%,max
0,23.0,32.34782608695652,42.60346624358609,0.0,7.0,21.0,42.0,198.0
1,50.0,8.02,24.64067485161186,0.0,0.0,0.0,7.0,170.0
2,44.0,12.931818181818182,30.377009151485424,0.0,0.0,3.5,14.0,184.0
3,50.0,5.5,24.16461403433896,0.0,0.0,0.0,0.0,170.0
4,23.0,29.91304347826087,46.338588909616,0.0,7.0,14.0,28.0,198.0
5,50.0,8.02,24.64067485161186,0.0,0.0,0.0,7.0,170.0
6,34.0,14.058823529411764,33.79612778291959,0.0,0.0,0.0,12.25,177.0
7,31.0,24.451612903225808,44.7197485902872,0.0,0.0,14.0,21.0,205.0
8,24.0,38.291666666666664,47.25921043579223,0.0,0.0,24.5,63.0,191.0
9,41.0,15.414634146341463,33.96172522837738,0.0,0.0,0.0,14.0,177.0
10,23.0,12.26086956521739,35.29256603580001,0.0,0.0,0.0,10.5,170.0
11,31.0,12.258064516129032,34.90364617241345,0.0,0.0,0.0,7.0,184.0
12,31.0,24.903225806451612,39.72770220615138,0.0,3.5,14.0,28.0,205.0
13,48.0,16.958333333333332,33.724767294645844,0.0,0.0,7.0,21.0,205.0
14,38.0,21.05263157894737,37.428091320753346,0.0,0.0,7.0,21.0,191.0
15,33.0,15.545454545454545,35.76144127154527,0.0,0.0,7.0,7.0,184.0
16,47.0,10.02127659574468,25.458823841221605,0.0,0.0,7.0,7.0,170.0
17,42.0,15.880952380952381,34.13402735484185,0.0,0.0,7.0,19.25,198.0
18,45.0,13.88888888888889,28.230562276806435,0.0,0.0,7.0,14.0,170.0
19,26.0,24.576923076923077,39.37834234898476,0.0,7.0,14.0,28.0,205.0
20,39.0,27.153846153846153,35.00942614537319,0.0,3.5,14.0,42.0,177.0
21,41.0,11.317073170731707,27.439423303333328,0.0,0.0,7.0,7.0,170.0
22,25.0,17.16,41.44743659142264,0.0,0.0,0.0,21.0,205.0
23,43.0,15.511627906976743,32.56156958676114,0.0,0.0,7.0,14.0,184.0
24,24.0,26.041666666666668,46.59117211275736,0.0,0.0,7.0,22.75,198.0
25,32.0,14.28125,32.2682650202851,0.0,0.0,7.0,14.0,184.0
26,44.0,18.181818181818183,38.62116104337448,0.0,0.0,7.0,15.75,196.0
27,24.0,26.333333333333332,43.61757390803835,0.0,7.0,14.0,21.0,205.0
28,26.0,25.923076923076923,41.187302001391714,0.0,7.0,14.0,28.0,198.0
29,49.0,10.755102040816327,27.905742100450777,0.0,0.0,7.0,7.0,191.0
30,22.0,28.40909090909091,48.321994490243796,0.0,7.0,10.5,21.0,198.0
31,18.0,22.666666666666668,48.52894830438232,0.0,0.0,0.0,14.0,170.0
32,48.0,10.25,27.05353243148252,0.0,0.0,7.0,7.0,184.0
33,22.0,11.227272727272727,37.812736350375786,0.0,0.0,0.0,7.0,177.0
34,24.0,32.75,45.783279651551545,0.0,7.0,21.0,29.75,212.0
35,18.0,21.11111111111111,46.07013692556024,0.0,0.0,7.0,14.0,198.0
36,23.0,28.08695652173913,48.6040711383861,0.0,3.5,14.0,35.0,233.0
37,49.0,8.326530612244898,26.865705955038386,0.0,0.0,0.0,7.0,177.0
38,43.0,13.883720930232558,38.981808518190086,0.0,0.0,0.0,7.0,205.0
39,50.0,4.1,25.064203273080235,0.0,0.0,0.0,0.0,177.0
40,23.0,28.391304347826086,57.67127781300654,0.0,0.0,7.0,21.0,254.0
41,50.0,7.04,26.27481140342808,0.0,0.0,0.0,7.0,184.0
42,34.0,14.058823529411764,36.8814161764436,0.0,0.0,7.0,14.0,212.0
43,31.0,18.129032258064516,42.980415645177956,0.0,0.0,7.0,14.0,233.0
44,23.0,27.782608695652176,49.127807827912335,0.0,3.5,7.0,38.5,233.0
45,35.0,15.057142857142857,36.28801686600175,0.0,0.0,7.0,10.5,205.0
46,23.0,13.478260869565217,41.16471300565503,0.0,0.0,0.0,7.0,198.0
47,31.0,15.64516129032258,38.49722794098018,0.0,0.0,7.0,14.0,212.0
48,31.0,31.225806451612904,44.84916177397252,0.0,3.5,21.0,45.5,226.0
49,46.0,15.108695652173912,41.99535861172679,0.0,0.0,7.0,14.0,282.0
50,35.0,22.65714285714286,43.45717490150698,0.0,0.0,14.0,28.0,247.0
51,32.0,16.46875,42.04220949274976,0.0,0.0,0.0,10.5,226.0
52,47.0,10.914893617021276,26.295006789382164,0.0,0.0,7.0,14.0,177.0
53,42.0,19.88095238095238,44.59859036433194,0.0,0.0,7.0,14.0,247.0
54,45.0,11.555555555555555,29.70426626502386,0.0,0.0,7.0,14.0,184.0
55,26.0,29.96153846153846,54.749232520086174,0.0,0.0,14.0,28.0,254.0
56,38.0,24.92105263157895,38.22223887749075,0.0,7.0,14.0,26.25,219.0
57,41.0,12.0,31.38072656902641,0.0,0.0,7.0,7.0,177.0
58,22.0,16.636363636363637,49.22982589422552,0.0,0.0,0.0,12.25,233.0
59,43.0,16.0,35.9722114972099,0.0,0.0,7.0,14.0,219.0
60,24.0,22.833333333333332,46.40995645301786,0.0,0.0,10.5,21.0,226.0
61,31.0,19.483870967741936,41.04864672372845,0.0,0.0,7.0,17.5,219.0
62,42.0,13.880952380952381,33.84051719387422,0.0,0.0,0.0,14.0,177.0
63,23.0,22.91304347826087,49.39627612342513,0.0,3.5,7.0,14.0,233.0
64,26.0,28.346153846153847,54.8459240474202,0.0,0.0,10.5,28.0,247.0
65,46.0,17.695652173913043,44.63026853566106,0.0,0.0,0.0,14.0,212.0
66,22.0,27.454545454545453,49.22613250309354,0.0,7.0,14.0,33.25,233.0
67,18.0,18.0,48.36746597358479,0.0,0.0,0.0,7.0,205.0
68,47.0,14.936170212765957,33.39969034959245,0.0,0.0,7.0,17.5,212.0
69,22.0,15.363636363636363,40.34322443206241,0.0,0.0,0.0,14.0,191.0
70,23.0,34.78260869565217,53.075380803446244,0.0,7.0,21.0,45.5,254.0
71,18.0,30.444444444444443,50.85645568624813,0.0,7.0,14.0,31.5,219.0
72,22.0,24.90909090909091,55.439292487505206,0.0,7.0,10.5,21.0,268.0
73,49.0,7.612244897959184,27.643426227684625,0.0,0.0,0.0,7.0,191.0
74,42.0,15.047619047619047,44.437378454954974,0.0,0.0,3.5,7.0,275.0
75,50.0,3.82,27.01147904132612,0.0,0.0,0.0,0.0,191.0
76,23.0,32.04347826086956,66.70387630883609,0.0,3.5,7.0,21.0,303.0
77,50.0,8.02,27.21905844912977,0.0,0.0,0.0,7.0,191.0
78,34.0,13.441176470588236,43.14611621025142,0.0,0.0,0.0,7.0,247.0
79,29.0,34.3448275862069,64.55964897567264,0.0,0.0,14.0,35.0,268.0
80,23.0,25.347826086956523,52.59675819223097,0.0,3.5,7.0,24.5,254.0
81,35.0,20.057142857142857,44.60805971566841,0.0,0.0,7.0,17.5,247.0
82,23.0,13.478260869565217,45.18132112561702,0.0,0.0,0.0,7.0,219.0
83,31.0,15.870967741935484,40.63638922237381,0.0,0.0,7.0,14.0,226.0
84,30.0,32.266666666666666,49.712922994365144,0.0,1.75,17.5,35.0,247.0
85,45.0,19.644444444444446,52.691708661004355,0.0,0.0,7.0,14.0,338.0
86,35.0,32.25714285714286,53.10718509998151,0.0,7.0,14.0,28.0,261.0
87,32.0,20.1875,68.03293201611758,0.0,0.0,0.0,7.0,373.0
88,47.0,8.382978723404255,29.20434243432433,0.0,0.0,0.0,7.0,198.0
89,42.0,17.047619047619047,48.4178723205229,0.0,0.0,7.0,14.0,303.0
90,44.0,12.772727272727273,30.40032407749814,0.0,0.0,7.0,14.0,191.0
91,26.0,26.46153846153846,59.725526046561214,0.0,7.0,7.0,19.25,289.0
92,38.0,25.842105263157894,58.15985720445567,0.0,0.0,10.5,21.0,345.0
93,41.0,10.804878048780488,30.68893897823377,0.0,0.0,0.0,7.0,191.0
94,21.0,21.428571428571427,57.00664121711735,0.0,0.0,0.0,14.0,261.0
95,43.0,14.046511627906977,37.701808399454094,0.0,0.0,7.0,14.0,240.0
96,23.0,33.26086956521739,55.08523757967725,0.0,0.0,14.0,45.5,254.0
97,28.0,28.571428571428573,52.91812583914932,0.0,0.0,7.0,35.0,240.0
98,40.0,9.675,29.730746840473206,0.0,0.0,0.0,7.0,184.0
99,23.0,41.47826086956522,60.60518247058159,0.0,7.0,14.0,52.5,254.0
100,26.0,34.53846153846154,58.64212190514989,0.0,7.0,7.0,49.0,289.0
101,45.0,13.88888888888889,40.83905340269633,0.0,0.0,0.0,7.0,268.0
102,22.0,25.227272727272727,57.66399538391668,0.0,0.0,10.5,21.0,268.0
103,18.0,19.166666666666668,50.87152213867679,0.0,0.0,3.5,14.0,219.0
104,46.0,15.565217391304348,44.25514517427477,0.0,0.0,7.0,7.0,247.0
105,20.0,19.35,49.77134559267273,0.0,0.0,7.0,14.0,226.0
106,23.0,26.869565217391305,59.29610162552163,0.0,3.5,14.0,24.5,289.0
107,18.0,25.38888888888889,55.21523541761117,0.0,0.0,10.5,21.0,240.0
108,22.0,28.727272727272727,68.0365320763022,0.0,0.0,7.0,28.0,324.0
109,49.0,9.612244897959183,30.90834321460969,0.0,0.0,0.0,7.0,212.0
110,42.0,24.047619047619047,79.84953911345903,0.0,0.0,0.0,7.0,450.0
111,47.0,12.106382978723405,33.55153987430525,0.0,0.0,7.0,10.5,226.0
112,21.0,41.095238095238095,85.95865562112101,0.0,0.0,14.0,42.0,401.0
113,50.0,9.28,32.402469041725816,0.0,0.0,0.0,7.0,219.0
114,33.0,15.333333333333334,49.32080358901978,0.0,0.0,0.0,7.0,282.0
115,29.0,33.13793103448276,74.07463617283537,0.0,0.0,7.0,28.0,301.0
116,23.0,32.34782608695652,68.26592967322864,0.0,7.0,7.0,17.5,289.0
117,35.0,18.057142857142857,45.87575475073495,0.0,0.0,0.0,14.0,261.0
118,23.0,18.652173913043477,51.33544645993748,0.0,0.0,0.0,14.0,240.0
119,28.0,22.571428571428573,54.400046685320774,0.0,0.0,7.0,14.0,268.0
120,30.0,35.06666666666667,49.04813493120697,0.0,7.0,21.0,42.0,254.0
121,43.0,21.53488372093023,61.1689108854713,0.0,0.0,7.0,21.0,394.0
122,35.0,25.457142857142856,48.90587770349878,0.0,7.0,14.0,24.5,289.0
123,32.0,23.90625,92.73526641519274,0.0,0.0,0.0,14.0,527.0
124,47.0,12.106382978723405,35.26744652592294,0.0,0.0,0.0,10.5,212.0
125,42.0,14.880952380952381,60.50607805830482,0.0,0.0,0.0,7.0,394.0
126,43.0,17.627906976744185,39.98691646491503,0.0,0.0,7.0,14.0,212.0
127,25.0,28.64,64.13584541164688,0.0,0.0,7.0,21.0,310.0
128,37.0,24.45945945945946,67.186967401339,0.0,0.0,7.0,21.0,408.0
129,41.0,11.658536585365853,33.852333565130756,0.0,0.0,0.0,7.0,212.0
130,21.0,23.095238095238095,60.02824731899537,0.0,0.0,7.0,14.0,275.0
131,43.0,14.209302325581396,42.085829613583314,0.0,0.0,7.0,14.0,275.0
132,23.0,35.69565217391305,56.212611641071085,0.0,14.0,14.0,35.0,268.0
133,28.0,33.32142857142857,78.19825401642247,0.0,0.0,7.0,35.0,380.0
134,40.0,10.375,34.49242763422958,0.0,0.0,0.0,14.0,219.0
135,20.0,45.95,67.67995505162125,0.0,7.0,21.0,59.5,282.0
136,25.0,26.68,64.03171089390005,0.0,0.0,7.0,28.0,324.0
137,44.0,19.136363636363637,50.66882483070984,0.0,0.0,7.0,14.0,317.0
138,22.0,23.0,60.7179270616732,0.0,0.0,7.0,14.0,289.0
139,17.0,31.823529411764707,71.81420062748528,0.0,0.0,0.0,7.0,275.0
140,43.0,12.744186046511627,41.72306260916583,0.0,0.0,0.0,7.0,254.0
141,19.0,25.894736842105264,53.654133874952684,0.0,0.0,14.0,24.5,240.0
142,22.0,29.681818181818183,64.92734867573606,0.0,0.0,10.5,33.25,310.0
143,18.0,33.166666666666664,70.89117592147426,0.0,0.0,10.5,26.25,303.0
144,21.0,36.76190476190476,101.9837755537148,0.0,0.0,7.0,21.0,471.0
145,49.0,11.46938775510204,37.637582082727015,0.0,0.0,0.0,7.0,261.0
146,42.0,28.714285714285715,100.35796557501254,0.0,0.0,7.0,14.0,639.0
147,47.0,14.48936170212766,34.97817477303931,0.0,0.0,7.0,17.5,233.0
148,21.0,42.42857142857143,119.35684790935602,0.0,0.0,14.0,21.0,555.0
149,49.0,8.46938775510204,32.88939928052827,0.0,0.0,0.0,7.0,226.0
150,32.0,18.4375,56.19432728803539,0.0,0.0,3.5,14.0,317.0
151,28.0,23.571428571428573,56.909563455524875,0.0,0.0,7.0,14.0,296.0
152,23.0,32.95652173913044,78.9824366327267,0.0,0.0,7.0,14.0,303.0
153,35.0,22.857142857142858,59.65002976042986,0.0,0.0,7.0,14.0,296.0
154,22.0,24.59090909090909,58.96056720256756,0.0,0.0,0.0,24.5,275.0
155,27.0,26.25925925925926,55.117770827280935,0.0,0.0,7.0,24.5,282.0
156,28.0,28.821428571428573,71.09672783605943,0.0,0.0,7.0,14.0,282.0
157,43.0,23.488372093023255,66.40473738587347,0.0,0.0,0.0,14.0,415.0
158,34.0,19.41176470588235,52.286574930889905,0.0,0.0,7.0,19.25,303.0
159,32.0,27.40625,113.63321282288736,0.0,0.0,0.0,8.75,646.0
160,46.0,10.543478260869565,32.64060628640285,0.0,0.0,0.0,7.0,219.0
161,42.0,19.047619047619047,64.54038341808774,0.0,0.0,7.0,14.0,422.0
162,43.0,16.0,40.496913462633174,0.0,0.0,0.0,14.0,226.0
163,25.0,26.68,69.30351121456017,0.0,0.0,7.0,21.0,352.0
164,36.0,27.27777777777778,79.74946882442401,0.0,0.0,10.5,28.0,485.0
165,41.0,15.414634146341463,40.715461197041655,0.0,0.0,0.0,14.0,247.0
166,21.0,25.095238095238095,70.84059906713435,0.0,0.0,0.0,7.0,310.0
167,42.0,14.880952380952381,46.1060296469188,0.0,0.0,3.5,7.0,289.0
168,21.0,42.42857142857143,78.37191552372025,0.0,0.0,14.0,28.0,289.0
169,28.0,28.321428571428573,104.12245410926236,0.0,0.0,3.5,14.0,555.0
