id,count,mean,std,min,25%,50%,75%,max
0,59.0,2.9661016949152543,13.743921668034421,0.0,0.0,0.0,0.0,105.0
1,77.0,1.8181818181818181,11.46817940023528,0.0,0.0,0.0,0.0,100.0
2,77.0,2.272727272727273,12.045567391364521,0.0,0.0,0.0,0.0,105.0
3,77.0,1.6233766233766234,11.42600791481637,0.0,0.0,0.0,0.0,100.0
4,70.0,3.2142857142857144,12.24850521154252,0.0,0.0,0.0,5.0,100.0
5,76.0,2.1710526315789473,12.147304949817455,0.0,0.0,0.0,0.0,105.0
6,46.0,3.6956521739130435,16.173874084416223,0.0,0.0,0.0,5.0,110.0
7,85.0,1.7647058823529411,11.461786467196456,0.0,0.0,0.0,0.0,105.0
8,85.0,2.176470588235294,10.977440579692166,0.0,0.0,0.0,0.0,100.0
9,83.0,2.5301204819277108,11.591983509849559,0.0,0.0,0.0,5.0,105.0
10,32.0,4.21875,17.602665441493833,0.0,0.0,0.0,1.25,100.0
11,48.0,3.0208333333333335,15.254562740280795,0.0,0.0,0.0,0.0,105.0
12,58.0,3.3620689655172415,13.324161243292789,0.0,0.0,0.0,3.75,100.0
13,84.0,2.5595238095238093,12.160920215732121,0.0,0.0,0.0,0.0,110.0
14,78.0,3.0128205128205128,12.069596437957575,0.0,0.0,0.0,5.0,105.0
15,48.0,3.2291666666666665,14.531315535961422,0.0,0.0,0.0,0.0,100.0
16,77.0,2.207792207792208,12.044148680165753,0.0,0.0,0.0,0.0,105.0
17,77.0,1.8831168831168832,12.03172782137867,0.0,0.0,0.0,0.0,105.0
18,77.0,2.272727272727273,11.515020355166737,0.0,0.0,0.0,0.0,100.0
19,80.0,1.9375,12.025651644229281,0.0,0.0,0.0,0.0,105.0
20,79.0,1.9620253164556962,11.39100301517204,0.0,0.0,0.0,0.0,100.0
21,77.0,2.0779220779220777,11.452150147192807,0.0,0.0,0.0,0.0,100.0
22,49.0,3.163265306122449,15.024073652496723,0.0,0.0,0.0,0.0,105.0
23,78.0,2.1153846153846154,11.939219197458227,0.0,0.0,0.0,0.0,105.0
24,77.0,1.948051948051948,11.475254960928691,0.0,0.0,0.0,0.0,100.0
25,50.0,2.5,14.854738816489586,0.0,0.0,0.0,0.0,105.0
26,77.0,2.272727272727273,11.515020355166737,0.0,0.0,0.0,0.0,100.0
27,75.0,2.533333333333333,11.693534056851195,0.0,0.0,0.0,0.0,100.0
28,84.0,2.261904761904762,11.522758044612228,0.0,0.0,0.0,0.0,105.0
29,77.0,2.4675324675324677,12.76362472809311,0.0,0.0,0.0,0.0,110.0
30,59.0,2.7966101694915255,13.717318101478005,0.0,0.0,0.0,0.0,105.0
31,33.0,4.393939393939394,17.444446454995706,0.0,0.0,0.0,0.0,100.0
32,79.0,2.0253164556962027,11.916348050477142,0.0,0.0,0.0,0.0,105.0
33,31.0,4.032258064516129,17.954542361136625,0.0,0.0,0.0,0.0,100.0
34,77.0,2.5974025974025974,11.545402069837312,0.0,0.0,0.0,0.0,100.0
35,27.0,5.0,22.05761685990718,0.0,0.0,0.0,0.0,115.0
36,58.0,3.103448275862069,15.154976781048521,0.0,0.0,0.0,0.0,115.0
37,77.0,2.012987012987013,12.572414986466773,0.0,0.0,0.0,0.0,110.0
38,77.0,2.6623376623376624,14.31746301182616,0.0,0.0,0.0,0.0,125.0
39,77.0,1.8181818181818181,12.563237171591767,0.0,0.0,0.0,0.0,110.0
40,69.0,3.3333333333333335,15.307309544469144,0.0,0.0,0.0,0.0,125.0
41,76.0,2.236842105263158,13.22610390709991,0.0,0.0,0.0,0.0,115.0
42,46.0,4.239130434782608,17.637314966486624,0.0,0.0,0.0,5.0,120.0
43,84.0,2.261904761904762,12.668259404044813,0.0,0.0,0.0,0.0,115.0
44,83.0,3.0120481927710845,12.221027436652175,0.0,0.0,0.0,5.0,110.0
45,79.0,3.5443037974683542,13.208192357110084,0.0,0.0,0.0,5.0,115.0
46,32.0,4.0625,19.445436482630058,0.0,0.0,0.0,0.0,110.0
47,47.0,3.1914893617021276,16.75999156619112,0.0,0.0,0.0,0.0,115.0
48,58.0,3.3620689655172415,14.491011461873281,0.0,0.0,0.0,5.0,110.0
49,82.0,2.4390243902439024,13.4082134041324,0.0,0.0,0.0,0.0,120.0
50,77.0,2.727272727272727,13.26713030053912,0.0,0.0,0.0,0.0,115.0
51,48.0,3.6458333333333335,18.757681641593557,0.0,0.0,0.0,0.0,130.0
52,76.0,2.6315789473684212,13.253268382064007,0.0,0.0,0.0,0.0,115.0
53,77.0,2.3376623376623376,13.243280708990333,0.0,0.0,0.0,0.0,115.0
54,76.0,2.3026315789473686,12.71326838316788,0.0,0.0,0.0,0.0,110.0
55,79.0,2.151898734177215,13.025703000463372,0.0,0.0,0.0,0.0,115.0
56,78.0,2.1153846153846154,12.49725244529047,0.0,0.0,0.0,0.0,110.0
57,77.0,2.0779220779220777,12.67899862574892,0.0,0.0,0.0,0.0,110.0
58,47.0,2.872340425531915,16.77033745386102,0.0,0.0,0.0,0.0,115.0
59,78.0,1.7307692307692308,13.039075217111163,0.0,0.0,0.0,0.0,115.0
60,77.0,1.6883116883116882,12.555413741385092,0.0,0.0,0.0,0.0,110.0
61,48.0,3.8541666666666665,16.67076633975205,0.0,0.0,0.0,1.25,115.0
62,77.0,2.142857142857143,13.139649003677746,0.0,0.0,0.0,0.0,115.0
63,75.0,2.3333333333333335,12.743130988394784,0.0,0.0,0.0,0.0,110.0
64,84.0,2.3214285714285716,13.18191597522792,0.0,0.0,0.0,0.0,120.0
65,77.0,2.5324675324675323,14.341313541455214,0.0,0.0,0.0,0.0,125.0
66,59.0,3.0508474576271185,15.00048703670646,0.0,0.0,0.0,0.0,115.0
67,33.0,5.303030303030303,19.20039851227841,0.0,0.0,0.0,5.0,110.0
68,78.0,2.2435897435897436,13.133862150880638,0.0,0.0,0.0,0.0,115.0
69,31.0,5.161290322580645,19.81093431112147,0.0,0.0,0.0,0.0,110.0
70,75.0,2.8,12.846284561188385,0.0,0.0,0.0,0.0,110.0
71,27.0,6.851851851851852,24.812688602195365,0.0,0.0,0.0,5.0,130.0
72,57.0,3.508771929824561,17.242102547271507,0.0,0.0,0.0,0.0,130.0
73,77.0,2.5974025974025974,13.779523080376357,0.0,0.0,0.0,0.0,120.0
74,77.0,2.6623376623376624,15.423504269040663,0.0,0.0,0.0,0.0,135.0
75,77.0,2.3376623376623376,13.731073471289767,0.0,0.0,0.0,0.0,120.0
76,68.0,4.5588235294117645,17.35785112305623,0.0,0.0,0.0,5.0,140.0
77,76.0,2.3684210526315788,14.999415193278399,0.0,0.0,0.0,0.0,130.0
78,46.0,4.130434782608695,19.86913708986005,0.0,0.0,0.0,0.0,135.0
79,83.0,2.7710843373493974,14.509311813372767,0.0,0.0,0.0,0.0,130.0
80,83.0,1.9879518072289157,13.20429898205146,0.0,0.0,0.0,0.0,120.0
81,77.0,3.051948051948052,14.467655489597718,0.0,0.0,0.0,0.0,125.0
82,32.0,4.6875,21.134648970275663,0.0,0.0,0.0,0.0,120.0
83,47.0,3.404255319148936,18.21091356310716,0.0,0.0,0.0,0.0,125.0
84,56.0,3.482142857142857,16.703827619526525,0.0,0.0,0.0,1.25,125.0
85,81.0,2.5925925925925926,15.59469282943542,0.0,0.0,0.0,0.0,140.0
86,76.0,2.6315789473684212,14.386884865750156,0.0,0.0,0.0,0.0,125.0
87,48.0,4.479166666666667,21.665728975890413,0.0,0.0,0.0,0.0,150.0
88,75.0,3.0,15.639520280193846,0.0,0.0,0.0,0.0,135.0
89,77.0,2.4025974025974026,15.42405822447836,0.0,0.0,0.0,0.0,135.0
90,75.0,2.6,15.097878855850778,0.0,0.0,0.0,0.0,130.0
91,77.0,2.6623376623376624,15.444817210765482,0.0,0.0,0.0,0.0,135.0
92,77.0,2.727272727272727,14.879901990725223,0.0,0.0,0.0,0.0,130.0
93,76.0,2.5657894736842106,15.524033433199238,0.0,0.0,0.0,0.0,135.0
94,47.0,4.361702127659575,21.126354375842773,0.0,0.0,0.0,0.0,145.0
95,76.0,2.5657894736842106,15.524033433199238,0.0,0.0,0.0,0.0,135.0
96,76.0,3.026315789473684,15.558040737154132,0.0,0.0,0.0,0.0,135.0
97,48.0,5.0,20.910142097871823,0.0,0.0,0.0,5.0,145.0
98,77.0,2.857142857142857,15.420180118507632,0.0,0.0,0.0,0.0,135.0
99,74.0,2.5675675675675675,15.751565333025717,0.0,0.0,0.0,0.0,135.0
