id,count,mean,std,min,25%,50%,75%,max
0,40.0,11.125,21.115297043394136,0.0,0.0,7.0,14.0,130.0
1,49.0,11.795918367346939,22.75410182054796,0.0,0.0,7.0,14.0,151.0
2,50.0,11.0,21.53402623092778,0.0,0.0,7.0,14.0,144.0
3,49.0,10.795918367346939,19.574621741595177,0.0,0.0,7.0,14.0,130.0
4,45.0,13.0,21.541714289848304,0.0,0.0,7.0,14.0,130.0
5,52.0,10.846153846153847,23.589948520324363,0.0,0.0,7.0,7.0,137.0
6,34.0,11.852941176470589,27.965489937617406,0.0,0.0,0.0,7.0,144.0
7,49.0,13.653061224489797,27.797295297390722,0.0,0.0,7.0,14.0,151.0
8,53.0,13.283018867924529,25.250573000726572,0.0,0.0,7.0,14.0,158.0
9,58.0,10.327586206896552,21.059971119283844,0.0,0.0,7.0,14.0,144.0
10,23.0,8.391304347826088,28.3945243287805,0.0,0.0,0.0,7.0,137.0
11,37.0,8.621621621621621,23.50100630392872,0.0,0.0,0.0,7.0,130.0
12,35.0,11.714285714285714,24.927626333484877,0.0,0.0,7.0,14.0,144.0
13,59.0,8.491525423728813,17.89564855734867,0.0,0.0,7.0,7.0,130.0
14,44.0,11.863636363636363,23.38613275156873,0.0,0.0,7.0,14.0,151.0
15,34.0,17.205882352941178,38.98622865776372,0.0,0.0,0.0,14.0,182.0
16,49.0,12.795918367346939,22.192321862749377,0.0,0.0,7.0,14.0,144.0
17,44.0,13.136363636363637,27.339885599776736,0.0,0.0,7.0,14.0,133.0
18,50.0,10.58,23.304628602183605,0.0,0.0,7.0,12.25,151.0
19,51.0,12.980392156862745,20.969015423789862,0.0,3.5,7.0,14.0,137.0
20,46.0,16.82608695652174,25.41941895290649,0.0,0.0,7.0,21.0,144.0
21,47.0,15.72340425531915,31.990964843801958,0.0,0.0,7.0,14.0,182.0
22,36.0,9.055555555555555,23.360460421642188,0.0,0.0,0.0,7.0,137.0
23,43.0,11.162790697674419,22.415906589229316,0.0,0.0,7.0,14.0,137.0
24,49.0,11.938775510204081,21.75565842417525,0.0,0.0,7.0,14.0,144.0
25,36.0,12.75,26.40170449043016,0.0,0.0,3.5,14.0,151.0
26,47.0,13.638297872340425,25.63491634802448,0.0,0.0,7.0,14.0,151.0
27,47.0,15.27659574468085,21.178026068524705,0.0,7.0,7.0,14.0,130.0
28,54.0,10.703703703703704,20.884795977095195,0.0,0.0,7.0,14.0,137.0
29,53.0,12.226415094339623,23.28720473154729,0.0,0.0,7.0,14.0,144.0
30,41.0,11.878048780487806,24.553202562956244,0.0,0.0,7.0,14.0,144.0
31,24.0,8.625,26.332014734919163,0.0,0.0,0.0,7.0,130.0
32,52.0,10.711538461538462,22.42839284099207,0.0,0.0,7.0,14.0,151.0
33,23.0,8.391304347826088,28.23720809408424,0.0,0.0,0.0,7.0,137.0
34,52.0,11.923076923076923,24.89180206322457,0.0,0.0,7.0,14.0,172.0
35,21.0,9.523809523809524,29.4985068225818,0.0,0.0,0.0,7.0,137.0
36,40.0,13.225,31.6636874442018,0.0,0.0,7.0,14.0,172.0
37,49.0,10.795918367346939,24.747036516046336,0.0,0.0,7.0,14.0,158.0
38,49.0,12.510204081632653,23.058008775856667,0.0,0.0,7.0,14.0,151.0
39,49.0,11.653061224489797,25.07285303238691,0.0,0.0,7.0,14.0,165.0
40,42.0,19.095238095238095,33.2373647540774,0.0,0.0,7.0,21.0,179.0
41,50.0,10.72,23.28531112709715,0.0,0.0,7.0,14.0,158.0
42,34.0,13.5,32.67771921865621,0.0,0.0,0.0,7.0,165.0
43,48.0,14.375,26.57356309039397,0.0,0.0,7.0,14.0,172.0
44,51.0,16.41176470588235,34.02832729981786,0.0,0.0,7.0,14.0,179.0
45,56.0,12.196428571428571,26.072918477264448,0.0,0.0,7.0,15.75,186.0
46,23.0,10.521739130434783,31.175266369376562,0.0,0.0,0.0,7.0,151.0
47,35.0,11.114285714285714,28.74612140443158,0.0,0.0,0.0,7.0,165.0
48,34.0,15.352941176470589,28.55285619947591,0.0,0.0,7.0,14.0,165.0
49,58.0,8.517241379310345,24.302365330921102,0.0,0.0,0.0,7.0,179.0
50,42.0,18.595238095238095,48.62502593832628,0.0,0.0,7.0,14.0,273.0
51,33.0,14.121212121212121,30.18873711311635,0.0,0.0,0.0,14.0,158.0
52,49.0,10.510204081632653,24.398704242387197,0.0,0.0,7.0,7.0,165.0
53,44.0,16.954545454545453,42.1574868770493,0.0,0.0,7.0,14.0,224.0
54,50.0,13.38,26.818277349598727,0.0,0.0,7.0,21.0,179.0
55,51.0,14.764705882352942,27.12385535671072,0.0,0.0,7.0,14.0,165.0
56,45.0,16.11111111111111,27.681814035261997,0.0,0.0,14.0,21.0,158.0
57,46.0,10.130434782608695,26.55109011836294,0.0,0.0,0.0,7.0,172.0
58,34.0,12.470588235294118,28.09425185909533,0.0,0.0,7.0,14.0,158.0
59,43.0,21.74418604651163,66.21792773477868,0.0,0.0,0.0,7.0,385.0
60,48.0,13.0625,26.60139673984504,0.0,0.0,7.0,14.0,179.0
61,36.0,12.944444444444445,28.776919764128873,0.0,0.0,0.0,14.0,165.0
62,47.0,14.23404255319149,27.152718469041353,0.0,0.0,7.0,14.0,158.0
63,46.0,13.934782608695652,25.54595177663015,0.0,0.0,7.0,14.0,165.0
64,52.0,13.0,30.847506016710337,0.0,0.0,7.0,14.0,172.0
65,52.0,13.0,30.664535305303357,0.0,0.0,7.0,7.0,186.0
66,40.0,12.875,27.80720022971361,0.0,0.0,7.0,14.0,172.0
67,24.0,11.541666666666666,33.61415225591831,0.0,0.0,0.0,7.0,165.0
68,51.0,11.058823529411764,27.052106583189325,0.0,0.0,7.0,14.0,186.0
69,22.0,11.318181818181818,33.638677234109636,0.0,0.0,0.0,7.0,158.0
70,51.0,13.803921568627452,28.706110574470472,0.0,0.0,7.0,14.0,193.0
71,21.0,14.857142857142858,36.73729129139179,0.0,0.0,7.0,7.0,158.0
72,39.0,15.179487179487179,34.208241385336706,0.0,0.0,7.0,14.0,179.0
73,49.0,13.653061224489797,28.96373524225896,0.0,0.0,7.0,14.0,193.0
74,47.0,20.340425531914892,47.41595612731183,0.0,0.0,7.0,14.0,256.0
75,48.0,12.1875,26.476530152876343,0.0,0.0,7.0,14.0,179.0
76,41.0,24.170731707317074,79.80943003148951,0.0,0.0,7.0,14.0,501.0
77,50.0,11.7,31.544752789829065,0.0,0.0,7.0,14.0,221.0
78,33.0,16.03030303030303,46.66267569514529,0.0,0.0,0.0,7.0,203.0
79,46.0,20.17391304347826,47.695005258098554,0.0,0.0,7.0,14.0,238.0
80,50.0,14.64,32.4683582232654,0.0,0.0,7.0,14.0,228.0
81,56.0,11.696428571428571,31.802755536906854,0.0,0.0,0.0,14.0,214.0
82,23.0,13.869565217391305,36.32592906629704,0.0,0.0,0.0,10.5,172.0
83,35.0,11.714285714285714,35.08860333546511,0.0,0.0,0.0,7.0,200.0
84,34.0,17.61764705882353,32.55300079812254,0.0,1.75,7.0,19.25,186.0
85,56.0,12.071428571428571,36.08064560138839,0.0,0.0,7.0,7.0,270.0
86,42.0,17.761904761904763,41.048935415214075,0.0,0.0,7.0,14.0,200.0
87,32.0,16.3125,35.1636152679112,0.0,0.0,7.0,15.75,186.0
88,48.0,12.770833333333334,28.230238490813836,0.0,0.0,7.0,14.0,193.0
89,42.0,14.261904761904763,43.929022310557286,0.0,0.0,0.0,14.0,284.0
90,50.0,11.28,27.788589641896444,0.0,0.0,0.0,14.0,186.0
91,49.0,14.36734693877551,29.848711500352785,0.0,0.0,7.0,14.0,193.0
92,44.0,19.977272727272727,41.853836831350186,0.0,0.0,7.0,21.0,263.0
93,46.0,16.67391304347826,39.997252321087196,0.0,0.0,7.0,14.0,193.0
94,34.0,13.088235294117647,34.81846222829146,0.0,0.0,0.0,14.0,200.0
95,43.0,13.930232558139535,36.42630874783017,0.0,0.0,7.0,14.0,214.0
96,46.0,17.73913043478261,32.843355345307884,0.0,0.0,7.0,14.0,186.0
97,36.0,14.694444444444445,46.9016109649883,0.0,0.0,0.0,14.0,277.0
98,47.0,11.404255319148936,26.6781620304829,0.0,0.0,7.0,7.0,179.0
99,44.0,15.204545454545455,32.89771289530735,0.0,0.0,7.0,14.0,200.0
100,51.0,11.333333333333334,29.36301528567301,0.0,0.0,7.0,14.0,207.0
101,49.0,14.081632653061224,33.103270693577166,0.0,0.0,7.0,14.0,221.0
102,40.0,13.925,31.44583254765859,0.0,7.0,7.0,14.0,200.0
103,24.0,15.625,39.07274430886685,0.0,0.0,7.0,14.0,193.0
104,50.0,10.16,29.599613897095733,0.0,0.0,0.0,12.25,207.0
105,22.0,12.909090909090908,37.976069019605205,0.0,0.0,0.0,7.0,179.0
106,51.0,11.882352941176471,30.067688344017093,0.0,0.0,7.0,14.0,207.0
107,20.0,25.05,52.84682433321101,0.0,0.0,14.0,15.75,235.0
108,36.0,16.833333333333332,39.91240408695021,0.0,0.0,7.0,14.0,235.0
109,49.0,16.93877551020408,50.12376688560749,0.0,0.0,7.0,14.0,333.0
110,47.0,21.829787234042552,82.73381075024946,0.0,0.0,7.0,14.0,571.0
111,48.0,11.458333333333334,27.614333568632723,0.0,0.0,7.0,14.0,186.0
112,39.0,24.692307692307693,84.74703964590704,0.0,0.0,7.0,14.0,529.0
113,49.0,13.653061224489797,35.591754089728056,0.0,0.0,7.0,14.0,249.0
114,33.0,11.151515151515152,34.48380164305519,0.0,0.0,7.0,7.0,200.0
115,45.0,20.0,41.00886822051144,0.0,0.0,7.0,14.0,207.0
116,47.0,14.382978723404255,34.994131925155536,0.0,0.0,7.0,14.0,235.0
117,56.0,12.071428571428571,33.219302791029165,0.0,0.0,7.0,8.75,242.0
118,23.0,19.956521739130434,45.932240866173096,0.0,0.0,0.0,10.5,193.0
119,35.0,15.314285714285715,37.96730127868657,0.0,0.0,7.0,14.0,221.0
120,31.0,32.645161290322584,68.05074008272395,0.0,0.0,14.0,28.0,322.0
121,54.0,14.074074074074074,39.40781066716743,0.0,0.0,7.0,14.0,284.0
122,41.0,23.317073170731707,39.37603270035609,0.0,7.0,14.0,21.0,214.0
123,32.0,22.0,94.07546730358078,0.0,0.0,0.0,7.0,536.0
124,48.0,14.520833333333334,32.98999821566384,0.0,0.0,7.0,14.0,207.0
125,42.0,23.095238095238095,65.53040981801912,0.0,0.0,7.0,14.0,347.0
126,50.0,14.5,36.34261567754465,0.0,0.0,0.0,14.0,200.0
127,49.0,14.795918367346939,32.48652258490994,0.0,0.0,7.0,14.0,221.0
128,43.0,25.162790697674417,63.15435747608437,0.0,0.0,14.0,21.0,396.0
129,45.0,18.755555555555556,44.681273052769676,0.0,0.0,7.0,14.0,221.0
