id,count,mean,std,min,25%,50%,75%,max
0,29.0,39.241379310344826,46.799462124819485,7.0,7.0,21.0,35.0,182.0
1,39.0,21.28205128205128,23.55838069445074,7.0,7.0,14.0,21.0,130.0
2,52.0,18.653846153846153,17.742034518019977,7.0,7.0,14.0,21.0,130.0
3,40.0,17.775,20.050561089405953,7.0,7.0,14.0,21.0,130.0
4,26.0,50.23076923076923,52.084782954185535,7.0,7.0,35.0,63.0,168.0
5,39.0,18.76923076923077,23.007391876778645,7.0,7.0,7.0,21.0,130.0
6,13.0,21.846153846153847,34.070627999901795,7.0,7.0,7.0,28.0,130.0
7,43.0,24.023255813953487,29.331835761630856,7.0,7.0,14.0,28.0,130.0
8,34.0,43.55882352941177,40.80492481898559,7.0,14.0,28.0,73.5,133.0
9,38.0,18.710526315789473,23.985252106959894,7.0,7.0,10.5,21.0,130.0
10,9.0,26.11111111111111,42.19432557952681,7.0,7.0,7.0,7.0,130.0
11,19.0,15.31578947368421,27.948469708811025,7.0,7.0,7.0,14.0,130.0
12,22.0,35.81818181818182,39.565059577788325,7.0,7.0,14.0,61.25,133.0
13,36.0,18.194444444444443,29.28755898177776,7.0,7.0,7.0,14.0,133.0
14,40.0,34.575,33.40266187765311,7.0,7.0,21.0,50.75,130.0
15,20.0,19.8,30.167253071745474,7.0,7.0,7.0,14.0,130.0
16,35.0,18.914285714285715,23.320492665277477,7.0,7.0,7.0,21.0,130.0
17,35.0,25.914285714285715,29.752282590210303,7.0,7.0,14.0,28.0,130.0
18,33.0,18.363636363636363,24.178784840509177,7.0,7.0,7.0,14.0,130.0
19,38.0,37.13157894736842,47.42970391701556,7.0,7.0,17.5,42.0,196.0
20,33.0,29.818181818181817,41.52518403440145,7.0,7.0,14.0,35.0,217.0
21,46.0,21.695652173913043,23.727030591212387,7.0,7.0,14.0,28.0,130.0
22,25.0,19.76,30.23281881223339,7.0,7.0,7.0,14.0,130.0
23,40.0,21.1,23.657600285786625,7.0,7.0,14.0,22.75,130.0
24,35.0,48.51428571428571,48.045549116603574,7.0,10.5,35.0,63.0,182.0
25,22.0,20.545454545454547,26.69354705814599,7.0,7.0,10.5,26.25,130.0
26,40.0,21.1,22.681518512905654,7.0,7.0,14.0,21.0,130.0
27,34.0,47.26470588235294,46.68482903505255,7.0,7.0,31.5,73.5,161.0
28,35.0,50.114285714285714,53.161668758703236,7.0,7.0,21.0,70.0,189.0
29,39.0,16.794871794871796,20.919871549343355,7.0,7.0,7.0,21.0,130.0
30,24.0,46.541666666666664,52.076013978453254,7.0,7.0,31.5,56.0,203.0
31,17.0,32.35294117647059,38.88595693896222,7.0,7.0,7.0,42.0,130.0
32,31.0,18.193548387096776,24.56612756736222,7.0,7.0,7.0,14.0,130.0
33,8.0,22.375,43.487067042972676,7.0,7.0,7.0,7.0,130.0
34,34.0,41.088235294117645,53.511464445429574,7.0,7.0,17.5,52.5,203.0
35,14.0,35.785714285714285,42.357777546529974,7.0,7.0,14.0,47.25,130.0
36,29.0,40.689655172413794,48.397242725678865,7.0,7.0,14.0,42.0,151.0
37,45.0,20.933333333333334,22.91724241700995,7.0,7.0,14.0,21.0,137.0
38,53.0,20.0188679245283,19.28579645354594,7.0,14.0,14.0,21.0,144.0
39,54.0,18.48148148148148,19.20076722203425,7.0,14.0,14.0,21.0,144.0
40,29.0,51.55172413793103,59.12552398251449,7.0,14.0,21.0,63.0,224.0
41,37.0,21.675675675675677,25.326812816606978,7.0,7.0,14.0,28.0,137.0
42,21.0,15.857142857142858,30.04377758253066,7.0,7.0,7.0,7.0,144.0
43,39.0,27.025641025641026,36.09598839023177,7.0,7.0,14.0,28.0,172.0
44,33.0,55.484848484848484,51.11086064387466,7.0,14.0,35.0,77.0,203.0
45,32.0,22.4375,28.688468516225324,7.0,7.0,14.0,21.0,158.0
46,9.0,26.88888888888889,42.95475655979337,7.0,7.0,7.0,21.0,137.0
47,21.0,19.857142857142858,29.499636801638278,7.0,7.0,14.0,21.0,144.0
48,25.0,37.68,35.895357174245625,7.0,14.0,21.0,56.0,158.0
49,35.0,21.514285714285716,28.808057929695163,7.0,7.0,14.0,24.5,158.0
50,35.0,33.114285714285714,35.861474846292374,7.0,7.0,21.0,45.5,165.0
51,15.0,29.666666666666668,39.41657857636386,7.0,7.0,7.0,38.5,151.0
52,38.0,19.63157894736842,22.991680108167422,7.0,7.0,14.0,21.0,137.0
53,35.0,21.714285714285715,27.83308592788279,7.0,7.0,14.0,24.5,151.0
54,42.0,21.095238095238095,32.98914050722363,7.0,7.0,14.0,14.0,175.0
55,37.0,41.729729729729726,47.843290861734005,7.0,7.0,21.0,49.0,175.0
56,38.0,25.157894736842106,31.91079315486226,7.0,7.0,14.0,28.0,172.0
57,40.0,24.95,29.22674398735795,7.0,7.0,14.0,29.75,137.0
58,21.0,24.857142857142858,33.48027137626831,7.0,7.0,7.0,28.0,151.0
59,42.0,24.428571428571427,30.776252214141213,7.0,7.0,14.0,28.0,186.0
60,31.0,55.67741935483871,53.25747966046597,7.0,14.0,35.0,84.0,203.0
61,19.0,27.105263157894736,35.44776240680253,7.0,7.0,14.0,28.0,158.0
62,44.0,20.136363636363637,23.386132751568734,7.0,7.0,14.0,21.0,137.0
63,35.0,48.91428571428571,46.68314434982454,7.0,14.0,28.0,77.0,175.0
64,40.0,43.5,49.62319556882183,7.0,7.0,24.5,64.75,245.0
65,36.0,24.61111111111111,32.30239069239991,7.0,7.0,14.0,28.0,151.0
66,23.0,46.130434782608695,53.570093715724106,7.0,7.0,28.0,52.5,203.0
67,16.0,35.25,43.35666038799575,7.0,7.0,17.5,42.0,144.0
68,41.0,16.658536585365855,26.01692694775611,7.0,7.0,7.0,21.0,172.0
69,10.0,28.4,40.511178155609784,7.0,7.0,7.0,33.25,137.0
70,32.0,49.125,58.105993250377395,7.0,7.0,14.0,78.75,217.0
71,12.0,54.583333333333336,64.99294833544123,7.0,7.0,31.5,57.75,189.0
72,26.0,43.5,48.22800016587874,7.0,7.0,24.5,61.25,172.0
73,50.0,19.12,22.364001686383666,7.0,7.0,14.0,21.0,144.0
74,55.0,20.69090909090909,20.42590287888172,7.0,14.0,14.0,21.0,151.0
75,55.0,19.418181818181818,21.390280684088925,7.0,14.0,14.0,21.0,158.0
76,29.0,51.310344827586206,59.218182203173676,7.0,7.0,28.0,70.0,235.0
77,42.0,21.428571428571427,27.740208430418583,7.0,7.0,14.0,26.25,158.0
78,14.0,23.785714285714285,45.12577051791099,7.0,7.0,10.5,14.0,179.0
79,37.0,35.2972972972973,48.63118847501563,7.0,7.0,14.0,35.0,200.0
80,33.0,58.878787878787875,62.24234771025952,7.0,7.0,42.0,84.0,231.0
81,29.0,34.89655172413793,40.930555149271875,7.0,14.0,14.0,42.0,186.0
82,14.0,29.285714285714285,44.131671117287134,7.0,7.0,10.5,36.75,172.0
83,22.0,27.545454545454547,39.130705605855375,7.0,7.0,10.5,33.25,179.0
84,26.0,41.61538461538461,41.67116693645804,7.0,14.0,24.5,54.25,179.0
85,32.0,24.1875,36.15775248153747,7.0,7.0,14.0,21.0,193.0
86,33.0,43.81818181818182,52.497294302572485,7.0,14.0,28.0,42.0,228.0
87,20.0,19.8,36.89187615608333,7.0,7.0,7.0,14.0,172.0
88,36.0,18.583333333333332,24.14642830730872,7.0,7.0,7.0,22.75,144.0
89,33.0,24.727272727272727,37.93273052990709,7.0,7.0,14.0,28.0,207.0
90,40.0,24.6,42.58192706795352,7.0,7.0,14.0,21.0,238.0
91,35.0,44.91428571428571,56.51203486013942,7.0,7.0,14.0,63.0,238.0
92,36.0,34.72222222222222,45.046395835602404,7.0,7.0,21.0,43.75,242.0
93,40.0,25.125,36.61174499794939,7.0,7.0,14.0,29.75,189.0
94,21.0,32.19047619047619,42.97862148512798,7.0,7.0,14.0,42.0,186.0
95,39.0,25.76923076923077,35.093455334113926,7.0,7.0,14.0,28.0,214.0
96,33.0,54.0,57.0093194135836,7.0,7.0,35.0,77.0,200.0
97,18.0,30.166666666666668,44.2589306375162,7.0,7.0,10.5,35.0,179.0
98,41.0,23.317073170731707,27.99324831489751,7.0,7.0,14.0,28.0,165.0
99,33.0,45.303030303030305,45.85403802316981,7.0,7.0,42.0,63.0,200.0
100,39.0,42.282051282051285,47.09226594113926,7.0,7.0,28.0,59.5,217.0
101,33.0,30.03030303030303,53.820584380237854,7.0,7.0,14.0,28.0,266.0
102,26.0,43.23076923076923,59.56798314014514,7.0,7.0,7.0,52.5,210.0
103,13.0,42.84615384615385,57.70304173647197,7.0,7.0,21.0,35.0,175.0
104,49.0,18.653061224489797,24.64459966233996,7.0,7.0,14.0,21.0,179.0
105,12.0,31.833333333333332,46.35796162538433,7.0,7.0,14.0,28.0,165.0
106,33.0,53.36363636363637,52.2337404018096,7.0,14.0,35.0,84.0,214.0
107,13.0,59.0,78.5175139698144,7.0,7.0,7.0,112.0,203.0
108,24.0,50.041666666666664,48.97690597455682,7.0,14.0,42.0,59.5,207.0
109,46.0,19.717391304347824,26.103778392731034,7.0,7.0,14.0,21.0,172.0
110,37.0,18.27027027027027,26.413010944365038,7.0,7.0,14.0,21.0,165.0
111,40.0,18.475,27.912856609501006,7.0,7.0,7.0,14.0,172.0
112,27.0,52.51851851851852,76.95021885827344,7.0,7.0,28.0,52.5,368.0
113,44.0,21.568181818181817,27.29715695842124,7.0,7.0,10.5,22.75,165.0
114,17.0,23.294117647058822,48.0920532753104,7.0,7.0,7.0,14.0,207.0
115,37.0,31.89189189189189,54.01737569409381,7.0,7.0,7.0,28.0,231.0
116,30.0,59.63333333333333,59.158165165487745,7.0,15.75,35.0,84.0,207.0
117,34.0,31.61764705882353,40.34023084464106,7.0,7.0,21.0,35.0,214.0
118,11.0,38.54545454545455,54.11536498327187,7.0,7.0,21.0,35.0,193.0
119,20.0,36.95,49.32755715355102,7.0,12.25,21.0,42.0,221.0
120,28.0,41.892857142857146,43.47782686118786,7.0,14.0,28.0,63.0,207.0
121,35.0,29.914285714285715,46.40827222696873,7.0,7.0,14.0,31.5,214.0
122,34.0,32.029411764705884,45.66908993401412,7.0,7.0,17.5,35.0,256.0
123,19.0,23.05263157894737,48.76869861819445,7.0,7.0,7.0,14.0,221.0
124,36.0,19.36111111111111,31.136705741687646,7.0,7.0,14.0,14.0,179.0
125,39.0,25.23076923076923,51.69213598872582,7.0,7.0,14.0,21.0,326.0
126,34.0,24.0,32.26781866213025,7.0,7.0,14.0,28.0,179.0
127,33.0,47.21212121212121,53.00221550543758,7.0,7.0,28.0,63.0,221.0
128,34.0,36.14705882352941,58.33193020976107,7.0,7.0,21.0,40.25,340.0
129,40.0,25.475,33.06403073137225,7.0,7.0,14.0,29.75,179.0
